3 0 3 3 7 2 4 6 1 5 0
3 0 3 3 7 2 4 0 1 5 6
3 0 3 0 7 2 4 6 1 5 3
3 0 3 1 7 2 4 6 0 5 3
2 0 2 1 7 2 4 0 6 5 3
2 0 2 1 7 2 4 3 6 5 0
2 0 2 1 0 2 4 7 6 5 3
2 0 2 1 2 0 4 7 6 5 3
2 0 2 1 2 5 4 7 6 0 3
2 0 2 1 2 5 4 7 6 3 0
2 0 2 1 2 0 4 7 6 3 5
1 0 1 1 2 3 4 7 6 0 5
1 0 1 1 2 3 4 7 6 5 0
1 0 1 1 2 3 4 0 6 5 7
2 0 2 1 2 5 4 0 6 3 7
2 0 2 1 2 3 4 7 0 6 5
2 0 2 1 2 3 0 7 6 5 4
2 0 2 0 2 3 4 7 6 5 1
2 0 2 0 2 3 4 1 6 5 7
2 0 2 1 2 3 4 6 0 5 7
2 0 2 1 2 3 5 7 6 0 4
2 0 2 1 2 3 7 0 6 5 4
2 0 2 1 2 3 5 7 6 4 0
2 0 2 1 2 3 7 4 6 5 0
2 0 2 1 2 3 0 7 6 4 5
2 0 2 1 2 3 5 0 6 4 7
1 0 1 1 2 3 0 5 6 4 7
0 0 0 1 2 3 4 5 6 0 7
0 0 0 1 2 3 4 5 6 7 0
