3 0 3 7 2 1 4 0 3 6 5
2 0 2 7 2 1 4 5 3 6 0
2 0 2 7 2 1 4 5 3 0 6
2 0 2 0 2 1 4 5 3 6 7
2 0 2 7 2 0 4 5 3 6 1
2 0 2 7 2 0 4 5 3 1 6
2 0 2 7 2 6 4 5 3 0 1
2 0 2 3 2 1 4 5 0 6 7
2 0 2 3 2 1 4 5 6 0 7
1 0 1 3 2 1 4 5 6 7 0
1 0 1 0 2 1 4 5 6 7 3
1 0 1 3 2 0 4 5 6 7 1
2 0 2 5 2 1 4 0 6 7 3
2 0 2 4 2 1 0 5 6 7 3
2 0 2 3 2 7 4 5 6 0 1
2 0 2 3 2 4 0 5 6 7 1
2 0 2 4 2 0 1 5 6 7 3
2 0 2 4 2 1 3 5 6 7 0
2 0 2 3 0 2 4 5 6 7 1
2 0 2 5 2 1 4 3 6 7 0
2 0 2 4 2 0 3 5 6 7 1
1 0 1 4 2 3 0 5 6 7 1
0 0 0 0 2 3 4 5 6 7 1
0 0 0 1 2 3 4 5 6 7 0
