0 0 0 5 4 2 7 1 6 3
1 3 1 5 4 2 7 0 6 3
7 1 1 5 4 2 0 7 6 3
2 3 1 5 4 0 2 7 6 3
4 1 1 5 0 4 2 7 6 3
5 1 1 0 5 4 2 7 6 3
7 1 1 7 5 4 2 0 6 3
2 1 1 7 5 4 0 2 6 3
7 3 1 0 5 4 7 2 6 3
2 1 1 2 5 4 7 0 6 3
6 1 1 2 5 4 7 6 0 3
3 1 1 2 5 4 7 6 3 0
5 3 1 2 0 4 7 6 3 5
3 1 1 2 3 4 7 6 0 5
6 1 1 2 3 4 7 0 6 5
7 1 1 2 3 4 0 7 6 5
5 2 1 2 3 4 5 7 6 0
6 1 1 2 3 4 5 7 0 6
7 1 1 2 3 4 5 0 7 6
5 1 1 2 3 4 0 5 7 6
6 2 1 2 3 4 6 5 7 0
1 3 0 2 3 4 6 5 7 1
5 3 5 2 3 4 6 0 7 1
6 1 5 2 3 4 0 6 7 1
5 1 0 2 3 4 5 6 7 1
1 3 1 2 3 4 5 6 7 0
41 0.00