3 0 3 3 0 6 5 2 1 7 4
3 0 3 0 3 6 5 2 1 7 4
2 0 2 1 3 6 5 2 0 7 4
2 0 2 1 3 6 5 2 7 0 4
2 0 2 1 3 0 5 2 7 6 4
1 0 1 1 3 5 0 2 7 6 4
1 0 1 1 3 5 4 2 7 6 0
2 0 2 0 3 5 1 2 7 6 4
2 0 2 1 3 5 2 0 7 6 4
2 0 2 1 3 5 4 0 7 6 2
2 0 2 1 3 0 4 2 7 6 5
2 0 2 4 3 5 1 2 7 6 0
2 0 2 1 3 5 4 2 7 0 6
2 0 2 1 3 5 0 4 7 6 2
2 0 2 1 3 4 0 2 7 6 5
2 0 2 1 3 5 4 2 0 7 6
2 0 2 4 3 5 0 2 7 6 1
2 0 2 1 3 5 6 2 7 0 4
2 0 2 1 3 5 2 7 0 6 4
2 0 2 1 3 5 2 4 7 6 0
2 0 2 1 3 5 4 7 0 6 2
2 0 2 0 3 5 4 2 7 6 1
2 0 2 1 3 5 6 2 0 7 4
2 0 2 7 3 5 4 2 0 6 1
2 0 2 1 3 5 6 2 7 4 0
2 0 2 0 3 5 4 2 7 6 1
2 0 2 1 3 5 0 2 7 4 6
2 0 2 7 3 5 1 2 0 6 4
2 0 2 1 3 4 5 2 7 6 0
2 0 2 1 3 5 2 4 7 6 0
2 0 2 0 3 5 1 4 7 6 2
2 0 2 1 3 4 2 0 7 6 5
2 0 2 2 3 5 4 0 7 6 1
2 0 2 0 3 5 6 2 7 4 1
2 0 2 0 3 4 5 2 7 6 1
2 0 2 1 3 0 2 4 7 6 5
2 0 2 1 3 5 2 4 7 0 6
2 0 2 4 3 5 1 0 7 6 2
2 0 2 4 3 0 1 2 7 6 5
2 0 2 1 3 4 5 0 7 6 2
2 0 2 7 3 5 6 2 0 4 1
2 0 2 7 3 5 6 2 4 0 1
2 0 2 7 3 5 6 2 4 1 0
2 0 2 7 3 5 0 2 4 1 6
1 0 1 0 3 5 7 2 4 1 6
1 0 1 6 3 5 7 2 4 1 0
1 0 1 6 3 5 7 2 4 0 1
2 0 2 0 3 5 6 2 4 1 7
2 0 2 7 3 5 1 2 4 0 6
1 0 1 7 3 5 1 2 4 6 0
1 0 1 7 3 5 0 2 4 6 1
0 0 0 0 3 5 7 2 4 6 1
0 0 0 1 3 5 7 2 4 6 0
