0 0 0 11 3 6 5 10 2 8 7 9 4 1
2 1 2 11 3 6 5 10 0 8 7 9 4 1
11 3 2 0 3 6 5 10 11 8 7 9 4 1
2 1 0 2 3 6 5 10 11 8 7 9 4 1
10 2 10 2 3 6 5 0 11 8 7 9 4 1
1 1 10 2 3 6 5 1 11 8 7 9 4 0
10 3 0 2 3 6 5 1 11 8 7 9 4 10
1 2 1 2 3 6 5 0 11 8 7 9 4 10
11 3 1 2 3 6 5 11 0 8 7 9 4 10
6 3 1 2 3 0 5 11 6 8 7 9 4 10
9 1 1 2 3 9 5 11 6 8 7 0 4 10
4 1 1 2 3 9 5 11 6 8 7 4 0 10
10 1 1 2 3 9 5 11 6 8 7 4 10 0
11 1 1 2 3 9 5 0 6 8 7 4 10 11
6 3 1 2 3 9 5 6 0 8 7 4 10 11
9 3 1 2 3 0 5 6 9 8 7 4 10 11
4 1 1 2 3 4 5 6 9 8 7 0 10 11
10 1 1 2 3 4 5 6 9 8 7 10 0 11
11 1 1 2 3 4 5 6 9 8 7 10 11 0
9 2 1 2 3 4 5 6 0 8 7 10 11 9
8 1 1 2 3 4 5 6 8 0 7 10 11 9
7 1 1 2 3 4 5 6 8 7 0 10 11 9
3 1 1 2 0 4 5 6 8 7 3 10 11 9
2 1 1 0 2 4 5 6 8 7 3 10 11 9
7 1 1 7 2 4 5 6 8 0 3 10 11 9
8 1 1 7 2 4 5 6 0 8 3 10 11 9
7 3 1 0 2 4 5 6 7 8 3 10 11 9
2 1 1 2 0 4 5 6 7 8 3 10 11 9
3 1 1 2 3 4 5 6 7 8 0 10 11 9
8 1 1 2 3 4 5 6 7 0 8 10 11 9
7 1 1 2 3 4 5 6 0 7 8 10 11 9
1 1 0 2 3 4 5 6 1 7 8 10 11 9
7 3 7 2 3 4 5 6 1 0 8 10 11 9
1 1 7 2 3 4 5 6 0 1 8 10 11 9
9 2 7 2 3 4 5 6 9 1 8 10 11 0
7 3 0 2 3 4 5 6 9 1 8 10 11 7
1 3 1 2 3 4 5 6 9 0 8 10 11 7
9 1 1 2 3 4 5 6 0 9 8 10 11 7
7 2 1 2 3 4 5 6 7 9 8 10 11 0
1 3 0 2 3 4 5 6 7 9 8 10 11 1
10 3 10 2 3 4 5 6 7 9 8 0 11 1
8 1 10 2 3 4 5 6 7 9 0 8 11 1
9 1 10 2 3 4 5 6 7 0 9 8 11 1
7 1 10 2 3 4 5 6 0 7 9 8 11 1
1 2 10 2 3 4 5 6 1 7 9 8 11 0
10 3 0 2 3 4 5 6 1 7 9 8 11 10
1 1 1 2 3 4 5 6 0 7 9 8 11 10
7 1 1 2 3 4 5 6 7 0 9 8 11 10
2 1 1 0 3 4 5 6 7 2 9 8 11 10
1 1 0 1 3 4 5 6 7 2 9 8 11 10
2 3 2 1 3 4 5 6 7 0 9 8 11 10
1 1 2 0 3 4 5 6 7 1 9 8 11 10
2 1 0 2 3 4 5 6 7 1 9 8 11 10
8 3 8 2 3 4 5 6 7 1 9 0 11 10
11 1 8 2 3 4 5 6 7 1 9 11 0 10
10 1 8 2 3 4 5 6 7 1 9 11 10 0
8 3 0 2 3 4 5 6 7 1 9 11 10 8
11 3 11 2 3 4 5 6 7 1 9 0 10 8
10 1 11 2 3 4 5 6 7 1 9 10 0 8
8 1 11 2 3 4 5 6 7 1 9 10 8 0
11 3 0 2 3 4 5 6 7 1 9 10 8 11
1 3 1 2 3 4 5 6 7 0 9 10 8 11
9 1 1 2 3 4 5 6 7 9 0 10 8 11
10 1 1 2 3 4 5 6 7 9 10 0 8 11
8 1 1 2 3 4 5 6 7 9 10 8 0 11
11 1 1 2 3 4 5 6 7 9 10 8 11 0
1 3 0 2 3 4 5 6 7 9 10 8 11 1
8 3 8 2 3 4 5 6 7 9 10 0 11 1
10 1 8 2 3 4 5 6 7 9 0 10 11 1
9 1 8 2 3 4 5 6 7 0 9 10 11 1
7 1 8 2 3 4 5 6 0 7 9 10 11 1
8 1 0 2 3 4 5 6 8 7 9 10 11 1
7 3 7 2 3 4 5 6 8 0 9 10 11 1
8 1 7 2 3 4 5 6 0 8 9 10 11 1
1 2 7 2 3 4 5 6 1 8 9 10 11 0
7 3 0 2 3 4 5 6 1 8 9 10 11 7
1 1 1 2 3 4 5 6 0 8 9 10 11 7
7 2 1 2 3 4 5 6 7 8 9 10 11 0
131 0.04