0 0 2 6 11 5 0 4 1 9 7 3 8 10
5 1 2 6 11 0 5 4 1 9 7 3 8 10
11 1 2 6 0 11 5 4 1 9 7 3 8 10
7 1 2 6 7 11 5 4 1 9 0 3 8 10
9 1 2 6 7 11 5 4 1 0 9 3 8 10
6 1 2 0 7 11 5 4 1 6 9 3 8 10
2 1 0 2 7 11 5 4 1 6 9 3 8 10
1 1 1 2 7 11 5 4 0 6 9 3 8 10
11 3 1 2 7 0 5 4 11 6 9 3 8 10
3 1 1 2 7 3 5 4 11 6 9 0 8 10
8 1 1 2 7 3 5 4 11 6 9 8 0 10
10 1 1 2 7 3 5 4 11 6 9 8 10 0
11 2 1 2 7 3 5 4 0 6 9 8 10 11
2 3 1 0 7 3 5 4 2 6 9 8 10 11
7 1 1 7 0 3 5 4 2 6 9 8 10 11
9 1 1 7 9 3 5 4 2 6 0 8 10 11
6 1 1 7 9 3 5 4 2 0 6 8 10 11
7 1 1 0 9 3 5 4 2 7 6 8 10 11
9 1 1 9 0 3 5 4 2 7 6 8 10 11
3 1 1 9 3 0 5 4 2 7 6 8 10 11
5 1 1 9 3 5 0 4 2 7 6 8 10 11
4 1 1 9 3 5 4 0 2 7 6 8 10 11
11 1 1 9 3 5 4 11 2 7 6 8 10 0
1 3 0 9 3 5 4 11 2 7 6 8 10 1
7 3 7 9 3 5 4 11 2 0 6 8 10 1
9 1 7 0 3 5 4 11 2 9 6 8 10 1
3 1 7 3 0 5 4 11 2 9 6 8 10 1
5 1 7 3 5 0 4 11 2 9 6 8 10 1
4 1 7 3 5 4 0 11 2 9 6 8 10 1
11 1 7 3 5 4 11 0 2 9 6 8 10 1
1 1 7 3 5 4 11 1 2 9 6 8 10 0
7 3 0 3 5 4 11 1 2 9 6 8 10 7
1 2 1 3 5 4 11 0 2 9 6 8 10 7
7 1 1 3 5 4 11 7 2 9 6 8 10 0
11 3 1 3 5 4 0 7 2 9 6 8 10 11
7 1 1 3 5 4 7 0 2 9 6 8 10 11
11 1 1 3 5 4 7 11 2 9 6 8 10 0
2 2 1 3 5 4 7 11 0 9 6 8 10 2
4 3 1 3 5 0 7 11 4 9 6 8 10 2
7 1 1 3 5 7 0 11 4 9 6 8 10 2
11 1 1 3 5 7 11 0 4 9 6 8 10 2
2 1 1 3 5 7 11 2 4 9 6 8 10 0
11 3 1 3 5 7 0 2 4 9 6 8 10 11
2 1 1 3 5 7 2 0 4 9 6 8 10 11
11 1 1 3 5 7 2 11 4 9 6 8 10 0
4 2 1 3 5 7 2 11 0 9 6 8 10 4
1 1 0 3 5 7 2 11 1 9 6 8 10 4
9 3 9 3 5 7 2 11 1 0 6 8 10 4
1 1 9 3 5 7 2 11 0 1 6 8 10 4
4 2 9 3 5 7 2 11 4 1 6 8 10 0
9 3 0 3 5 7 2 11 4 1 6 8 10 9
1 3 1 3 5 7 2 11 4 0 6 8 10 9
4 1 1 3 5 7 2 11 0 4 6 8 10 9
9 2 1 3 5 7 2 11 9 4 6 8 10 0
2 3 1 3 5 7 0 11 9 4 6 8 10 2
11 1 1 3 5 7 11 0 9 4 6 8 10 2
9 3 1 3 5 7 11 9 0 4 6 8 10 2
2 2 1 3 5 7 11 9 2 4 6 8 10 0
11 3 1 3 5 7 0 9 2 4 6 8 10 11
9 1 1 3 5 7 9 0 2 4 6 8 10 11
11 1 1 3 5 7 9 11 2 4 6 8 10 0
95 0.01