5 0 5 6 3 2 1 7 9 8 10 11 0 5 4
5 0 5 6 3 2 0 7 9 8 10 11 1 5 4
4 0 4 6 3 2 7 0 9 8 10 11 1 5 4
3 0 3 6 3 2 7 9 0 8 10 11 1 5 4
3 0 3 6 3 2 7 9 8 0 10 11 1 5 4
3 0 3 0 3 2 7 9 6 8 10 11 1 5 4
3 0 3 1 3 2 7 9 6 8 10 11 0 5 4
3 0 3 1 3 2 7 9 6 8 10 0 11 5 4
3 0 3 1 3 2 7 9 6 8 10 11 5 0 4
3 0 3 1 3 0 7 9 6 8 10 2 11 5 4
3 0 3 1 3 2 7 9 6 8 0 10 11 5 4
3 0 3 1 3 2 7 9 6 8 10 11 5 4 0
3 0 3 1 3 2 7 9 6 0 8 10 11 5 4
3 0 3 1 3 2 7 9 6 0 10 11 5 4 8
3 0 3 1 3 2 0 9 6 7 8 10 11 5 4
3 0 3 1 3 2 7 9 6 4 8 10 11 5 0
3 0 3 1 3 2 7 9 6 10 0 11 5 4 8
3 0 3 1 3 2 9 0 6 7 8 10 11 5 4
2 0 2 1 3 2 9 5 6 7 8 10 11 0 4
2 0 2 1 3 2 9 5 6 7 8 10 0 11 4
1 0 1 1 3 2 9 5 6 7 8 0 10 11 4
1 0 1 1 3 0 9 5 6 7 8 2 10 11 4
0 0 0 1 0 3 9 5 6 7 8 2 10 11 4
1 0 1 1 3 9 0 5 6 7 8 2 10 11 4
1 0 1 0 1 3 9 5 6 7 8 2 10 11 4
1 0 1 1 8 3 9 5 6 7 0 2 10 11 4
1 0 1 1 8 3 9 5 6 7 2 0 10 11 4
2 0 2 1 3 2 0 5 6 7 8 10 9 11 4
2 0 2 1 8 0 9 5 6 7 2 3 10 11 4
2 0 2 1 3 0 2 5 6 7 8 10 9 11 4
1 0 1 1 0 3 2 5 6 7 8 10 9 11 4
2 0 2 1 8 9 0 5 6 7 2 3 10 11 4
2 0 2 1 0 8 9 5 6 7 2 3 10 11 4
1 0 1 1 2 8 9 5 6 7 0 3 10 11 4
1 0 1 1 2 8 9 5 6 7 3 0 10 11 4
1 0 1 1 2 0 9 5 6 7 3 8 10 11 4
1 0 1 1 2 9 0 5 6 7 3 8 10 11 4
2 0 2 1 3 10 2 5 6 7 8 0 9 11 4
1 0 1 1 3 10 2 5 6 7 8 9 0 11 4
1 0 1 1 3 10 0 5 6 7 8 9 2 11 4
1 0 1 1 3 0 10 5 6 7 8 9 2 11 4
0 0 0 1 0 3 10 5 6 7 8 9 2 11 4
1 0 1 0 1 3 10 5 6 7 8 9 2 11 4
1 0 1 1 8 3 10 5 6 7 0 9 2 11 4
1 0 1 2 1 3 10 5 6 7 8 9 0 11 4
0 0 0 2 1 3 0 5 6 7 8 9 10 11 4
1 0 1 2 1 3 5 0 6 7 8 9 10 11 4
1 0 1 2 1 0 3 5 6 7 8 9 10 11 4
1 0 1 2 0 1 3 5 6 7 8 9 10 11 4
0 0 0 0 2 1 3 5 6 7 8 9 10 11 4
1 0 1 7 2 1 3 5 6 0 8 9 10 11 4
1 0 1 8 2 1 3 5 6 7 0 9 10 11 4
1 0 1 6 2 1 3 5 0 7 8 9 10 11 4
1 0 1 10 2 1 3 5 6 7 8 9 0 11 4
1 0 1 7 2 1 3 5 6 4 8 9 10 11 0
1 0 1 6 2 1 3 5 4 7 8 9 10 11 0
1 0 1 10 2 1 0 5 6 7 8 9 3 11 4
1 0 1 0 2 1 3 5 6 4 8 9 10 11 7
1 0 1 0 2 1 3 5 4 7 8 9 10 11 6
1 0 1 4 2 1 3 5 6 0 8 9 10 11 7
0 0 0 4 2 1 3 5 6 7 8 9 10 11 0
1 0 1 4 2 1 3 5 0 7 8 9 10 11 6
1 0 1 4 2 1 0 5 6 3 8 9 10 11 7
1 0 1 4 2 1 3 5 0 7 8 9 10 11 6
1 0 1 4 2 1 3 5 6 7 8 9 10 0 11
1 0 1 4 2 1 3 0 6 7 8 9 10 11 5
1 0 1 4 2 0 1 5 6 3 8 9 10 11 7
1 0 1 4 2 1 0 3 6 7 8 9 10 11 5
1 0 1 10 2 0 1 5 6 7 8 9 3 11 4
1 0 1 4 2 0 1 3 6 7 8 9 10 11 5
1 0 1 7 2 1 0 5 6 3 8 9 10 11 4
1 0 1 7 2 0 1 5 6 3 8 9 10 11 4
2 0 2 1 2 9 10 5 6 7 3 8 0 11 4
2 0 2 1 2 9 5 0 6 7 3 8 10 11 4
2 0 2 7 2 1 10 5 6 3 8 9 0 11 4
2 0 2 7 2 1 5 0 6 3 8 9 10 11 4
2 0 2 7 2 9 1 5 6 3 8 0 10 11 4
2 0 2 7 0 2 1 5 6 3 8 9 10 11 4
2 0 2 1 2 9 10 5 6 7 3 0 8 11 4
1 0 1 1 2 0 10 5 6 7 3 9 8 11 4
1 0 1 1 2 10 0 5 6 7 3 9 8 11 4
1 0 1 1 2 10 8 5 6 7 3 9 0 11 4
2 0 2 10 0 2 1 5 6 7 8 9 3 11 4
2 0 2 4 2 9 1 3 6 7 8 0 10 11 5
2 0 2 4 0 2 1 3 6 7 8 9 10 11 5
2 0 2 4 2 1 10 3 6 7 8 9 0 11 5
2 0 2 10 2 9 1 5 6 7 8 0 3 11 4
2 0 2 1 2 10 5 0 6 7 3 9 8 11 4
2 0 2 4 2 1 3 5 6 7 8 9 0 10 11
2 0 2 4 2 1 3 11 6 7 8 9 10 0 5
2 0 2 4 2 9 1 5 6 3 8 0 10 11 7
2 0 2 4 2 1 3 0 6 7 8 9 10 5 11
2 0 2 4 2 1 3 6 0 7 8 9 10 11 5
2 0 2 4 2 1 0 5 6 7 8 9 3 10 11
2 0 2 4 2 1 3 11 6 7 8 9 10 5 0
2 0 2 4 2 1 0 3 6 7 8 9 10 5 11
2 0 2 4 2 1 3 6 5 7 8 9 10 11 0
2 0 2 4 2 1 3 0 5 7 8 9 10 11 6
2 0 2 4 2 1 5 0 6 3 8 9 10 11 7
2 0 2 4 2 1 3 5 11 7 8 9 10 0 6
2 0 2 4 2 1 3 5 7 0 8 9 10 11 6
2 0 2 4 2 1 10 5 6 3 8 9 0 11 7
2 0 2 1 3 9 10 5 6 7 8 0 2 11 4
2 0 2 4 2 1 3 5 11 7 8 9 10 0 6
2 0 2 4 2 1 3 5 7 0 8 9 10 11 6
2 0 2 4 2 1 0 3 5 7 8 9 10 11 6
2 0 2 1 2 8 9 5 6 7 3 10 0 11 4
2 0 2 1 2 8 9 5 6 0 7 3 10 11 4
2 0 2 2 1 3 5 11 6 7 8 9 10 0 4
2 0 2 1 8 3 10 5 6 7 9 0 2 11 4
2 0 2 0 1 3 2 5 6 7 8 10 9 11 4
2 0 2 4 0 1 3 5 6 2 8 9 10 11 7
2 0 2 4 2 1 0 5 7 3 8 9 10 11 6
2 0 2 10 2 1 3 5 4 7 8 9 0 11 6
2 0 2 4 2 1 3 5 6 8 0 9 10 11 7
2 0 2 2 1 3 5 11 6 7 8 9 10 4 0
2 0 2 10 2 1 3 5 6 4 8 9 0 11 7
2 0 2 2 0 1 3 5 4 7 8 9 10 11 6
2 0 2 8 2 1 3 5 4 7 0 9 10 11 6
2 0 2 7 2 1 3 5 4 0 8 9 10 11 6
2 0 2 0 7 2 1 5 6 3 8 9 10 11 4
2 0 2 7 2 1 3 5 4 6 8 9 10 11 0
2 0 2 7 2 1 0 5 4 3 8 9 10 11 6
2 0 2 3 7 2 1 5 6 0 8 9 10 11 4
1 0 1 3 0 2 1 5 6 7 8 9 10 11 4
0 0 0 3 2 0 1 5 6 7 8 9 10 11 4
0 0 0 3 2 1 0 5 6 7 8 9 10 11 4
1 0 1 0 3 2 1 5 6 7 8 9 10 11 4
1 0 1 3 2 9 1 5 6 7 8 0 10 11 4
1 0 1 3 2 1 10 5 6 7 8 9 0 11 4
1 0 1 3 2 1 5 0 6 7 8 9 10 11 4
2 0 2 0 2 1 3 5 4 6 8 9 10 11 7
2 0 2 7 2 1 3 5 0 6 8 9 10 11 4
2 0 2 8 3 2 1 5 6 7 0 9 10 11 4
2 0 2 3 2 1 10 5 6 7 8 9 11 0 4
2 0 2 3 2 1 5 6 0 7 8 9 10 11 4
2 0 2 8 0 2 1 5 6 7 3 9 10 11 4
1 0 1 8 2 0 1 5 6 7 3 9 10 11 4
1 0 1 8 2 1 0 5 6 7 3 9 10 11 4
2 0 2 3 2 1 10 5 6 7 8 9 11 4 0
2 0 2 3 2 1 5 6 4 7 8 9 10 11 0
2 0 2 0 2 1 5 6 3 7 8 9 10 11 4
2 0 2 0 8 2 1 5 6 7 3 9 10 11 4
2 0 2 8 2 1 5 0 6 7 3 9 10 11 4
2 0 2 0 2 1 10 5 6 7 8 9 11 4 3
2 0 2 3 2 1 5 0 4 7 8 9 10 11 6
1 0 1 3 2 1 0 5 4 7 8 9 10 11 6
1 0 1 3 2 0 1 5 4 7 8 9 10 11 6
2 0 2 3 8 2 1 5 6 7 0 9 10 11 4
2 0 2 0 2 1 5 6 4 7 8 9 10 11 3
2 0 2 11 2 1 10 5 6 7 8 9 0 4 3
1 0 1 11 2 1 0 5 6 7 8 9 10 4 3
1 0 1 11 2 0 1 5 6 7 8 9 10 4 3
2 0 2 3 2 9 1 5 4 7 8 0 10 11 6
2 0 2 3 0 2 1 5 4 7 8 9 10 11 6
2 0 2 11 2 1 10 5 6 7 8 9 4 0 3
2 0 2 11 2 1 5 0 6 7 8 9 10 4 3
2 0 2 11 0 2 1 5 6 7 8 9 10 4 3
2 0 2 8 2 9 1 5 6 7 3 0 10 11 4
2 0 2 8 2 1 10 5 6 7 3 9 0 11 4
2 0 2 0 3 2 1 5 4 7 8 9 10 11 6
2 0 2 11 2 1 10 5 6 7 8 9 4 3 0
2 0 2 8 2 9 1 5 6 7 0 3 10 11 4
2 0 2 3 2 1 5 11 6 7 8 9 10 0 4
2 0 2 6 2 1 3 5 4 0 8 9 10 11 7
2 0 2 0 2 1 3 5 7 6 8 9 10 11 4
2 0 2 4 2 1 3 5 0 6 8 9 10 11 7
2 0 2 10 3 2 1 5 6 7 8 9 0 11 4
2 0 2 3 2 9 1 5 6 7 0 8 10 11 4
2 0 2 3 2 9 1 5 6 7 8 10 0 11 4
2 0 2 3 2 1 10 5 6 7 8 0 9 11 4
2 0 2 6 3 2 1 5 0 7 8 9 10 11 4
2 0 2 3 8 2 1 5 6 7 0 9 10 11 4
2 0 2 7 3 2 1 5 6 0 8 9 10 11 4
2 0 2 7 2 0 1 5 4 3 8 9 10 11 6
2 0 2 3 7 2 1 5 6 4 8 9 10 11 0
2 0 2 3 7 2 0 5 6 1 8 9 10 11 4
2 0 2 7 3 2 0 5 6 1 8 9 10 11 4
2 0 2 3 2 1 10 5 4 7 8 9 0 11 6
2 0 2 10 2 1 5 0 6 7 8 9 3 11 4
2 0 2 8 2 1 3 5 6 4 0 9 10 11 7
2 0 2 6 2 1 3 5 0 4 8 9 10 11 7
2 0 2 10 2 1 0 5 6 4 8 9 3 11 7
2 0 2 2 1 0 3 5 4 7 8 9 10 11 6
1 0 1 2 1 3 0 5 4 7 8 9 10 11 6
2 0 2 2 0 1 3 5 6 4 8 9 10 11 7
2 0 2 0 1 3 5 11 6 7 8 9 10 4 2
1 0 1 1 0 3 5 11 6 7 8 9 10 4 2
2 0 2 10 2 1 0 5 4 7 8 9 3 11 6
2 0 2 7 2 1 3 0 6 4 8 9 10 11 5
2 0 2 6 2 1 3 5 4 7 8 9 10 0 11
2 0 2 0 4 1 3 5 6 2 8 9 10 11 7
2 0 2 4 2 0 1 5 7 3 8 9 10 11 6
2 0 2 6 2 1 3 5 4 0 8 9 10 11 7
2 0 2 4 1 0 3 5 6 2 8 9 10 11 7
1 0 1 4 1 3 0 5 6 2 8 9 10 11 7
2 0 2 9 1 3 2 5 6 7 8 10 0 11 4
1 0 1 9 1 3 2 5 6 7 8 0 10 11 4
2 0 2 6 1 3 9 5 0 7 8 2 10 11 4
2 0 2 1 8 3 9 5 6 7 2 10 0 11 4
2 0 2 7 2 1 3 5 0 4 8 9 10 11 6
2 0 2 1 3 9 5 0 6 7 8 2 10 11 4
2 0 2 1 2 8 9 5 6 4 7 3 10 11 0
2 0 2 6 2 1 3 0 5 7 8 9 10 11 4
2 0 2 10 2 1 3 5 6 7 8 9 11 0 4
2 0 2 1 2 8 0 5 6 9 7 3 10 11 4
2 0 2 9 1 0 2 5 6 7 8 3 10 11 4
2 0 2 10 2 1 3 5 6 7 8 0 9 11 4
2 0 2 1 2 8 0 5 6 7 3 10 9 11 4
2 0 2 6 2 1 0 3 5 7 8 9 10 11 4
2 0 2 10 2 1 3 5 6 7 8 9 11 4 0
2 0 2 1 2 0 8 5 6 9 7 3 10 11 4
1 0 1 1 2 3 8 5 6 9 7 0 10 11 4
1 0 1 1 2 3 8 5 6 9 0 7 10 11 4
1 0 1 1 2 3 8 5 6 0 9 7 10 11 4
1 0 1 1 2 3 0 5 6 8 9 7 10 11 4
1 0 1 1 2 3 8 5 6 4 9 7 10 11 0
2 0 2 9 0 1 2 5 6 7 8 3 10 11 4
2 0 2 9 1 2 0 5 6 7 8 3 10 11 4
2 0 2 0 2 1 3 5 6 7 8 9 11 4 10
2 0 2 0 2 3 8 5 6 1 9 7 10 11 4
2 0 2 1 2 3 10 5 6 8 9 7 0 11 4
2 0 2 1 2 3 5 0 6 8 9 7 10 11 4
2 0 2 0 2 3 8 5 6 4 9 7 10 11 1
2 0 2 11 2 1 3 5 6 7 8 9 0 4 10
2 0 2 9 2 3 8 5 6 1 0 7 10 11 4
2 0 2 1 2 3 10 5 6 8 9 0 7 11 4
1 0 1 1 2 3 10 5 6 8 0 9 7 11 4
0 0 0 1 2 3 10 5 6 0 8 9 7 11 4
0 0 0 1 2 3 10 5 6 4 8 9 7 11 0
0 0 0 1 2 3 0 5 6 10 8 9 7 11 4
0 0 0 1 2 3 7 5 6 10 8 9 0 11 4
1 0 1 0 2 3 10 5 6 1 8 9 7 11 4
1 0 1 1 0 3 10 5 6 2 8 9 7 11 4
1 0 1 1 2 3 10 5 0 4 8 9 7 11 6
1 0 1 1 2 3 10 5 6 4 8 9 7 0 11
1 0 1 1 2 3 10 0 6 4 8 9 7 11 5
1 0 1 1 2 3 5 0 6 10 8 9 7 11 4
1 0 1 1 2 0 3 5 6 10 8 9 7 11 4
1 0 1 1 2 3 10 5 4 0 8 9 7 11 6
1 0 1 1 2 3 10 5 6 4 8 9 0 7 11
0 0 0 1 2 3 0 5 6 4 8 9 10 7 11
1 0 1 1 2 3 0 10 6 4 8 9 7 11 5
1 0 1 7 2 3 10 5 6 1 8 9 0 11 4
0 0 0 7 2 3 0 5 6 1 8 9 10 11 4
1 0 1 1 2 3 7 5 6 10 8 0 9 11 4
1 0 1 1 2 3 10 5 4 6 8 9 7 11 0
1 0 1 1 2 3 0 5 4 10 8 9 7 11 6
1 0 1 7 2 3 5 0 6 1 8 9 10 11 4
1 0 1 7 2 0 3 5 6 1 8 9 10 11 4
1 0 1 1 2 3 10 5 0 6 8 9 7 11 4
1 0 1 1 2 3 7 5 4 10 8 9 0 11 6
1 0 1 1 2 3 5 0 6 4 8 9 10 7 11
1 0 1 1 2 0 3 5 6 4 8 9 10 7 11
1 0 1 1 2 3 7 10 6 4 8 9 0 11 5
1 0 1 1 2 3 7 5 6 10 8 9 11 0 4
1 0 1 1 2 3 5 7 6 4 8 9 10 0 11
0 0 0 1 2 3 5 7 6 4 8 9 10 11 0
0 0 0 1 2 3 5 0 6 4 8 9 10 11 7
0 0 0 1 2 3 0 5 6 4 8 9 10 11 7
0 0 0 1 2 3 5 7 6 0 8 9 10 11 4
0 0 0 1 2 3 10 5 6 4 8 9 0 11 7
0 0 0 1 2 0 3 5 6 4 8 9 10 11 7
0 0 0 1 2 3 0 7 6 5 8 9 10 11 4
0 0 0 1 2 3 7 0 6 5 8 9 10 11 4
1 0 1 0 2 3 10 5 6 4 8 9 7 11 1
1 0 1 1 2 3 7 5 6 10 8 9 11 4 0
1 0 1 1 2 3 7 11 6 5 8 9 10 0 4
1 0 1 7 2 3 10 5 6 4 8 9 0 11 1
0 0 0 7 2 3 0 5 6 4 8 9 10 11 1
1 0 1 4 2 3 10 5 6 0 8 9 7 11 1
1 0 1 1 2 3 7 5 6 0 8 9 11 4 10
0 0 0 1 2 3 0 5 6 7 8 9 11 4 10
0 0 0 1 2 3 11 5 6 7 8 9 0 4 10
0 0 0 1 2 3 11 5 6 7 8 9 4 0 10
0 0 0 1 2 3 11 5 6 7 8 9 4 10 0
1 0 1 1 2 3 7 11 6 5 8 9 10 4 0
1 0 1 7 2 3 5 0 6 4 8 9 10 11 1
1 0 1 7 2 0 3 5 6 4 8 9 10 11 1
1 0 1 4 2 3 10 5 6 1 8 9 7 11 0
1 0 1 1 2 3 5 0 6 7 8 9 11 4 10
1 0 1 1 2 3 11 0 6 7 8 9 4 10 5
1 0 1 1 2 3 7 0 6 5 8 9 10 4 11
1 0 1 1 2 3 7 11 6 0 8 9 10 4 5
0 0 0 1 2 3 0 11 6 7 8 9 10 4 5
0 0 0 1 2 3 11 0 6 7 8 9 10 4 5
0 0 0 1 2 3 11 4 6 7 8 9 10 0 5
0 0 0 1 2 3 11 4 6 7 8 9 10 5 0
0 0 0 1 2 3 11 0 6 7 8 9 10 5 4
0 0 0 1 2 3 11 5 6 7 8 9 10 0 4
0 0 0 1 2 3 11 5 6 7 8 9 10 4 0
0 0 0 1 2 3 0 11 6 7 8 9 10 5 4
0 0 0 1 2 3 11 5 6 7 8 9 0 10 4
0 0 0 1 2 3 11 5 6 0 8 9 10 4 7
0 0 0 1 2 3 11 5 0 7 8 9 10 4 6
0 0 0 0 2 3 11 5 6 7 8 9 10 4 1
0 0 0 1 2 3 0 5 6 7 8 9 11 10 4
0 0 0 1 2 3 0 5 6 11 8 9 10 4 7
0 0 0 1 2 3 11 5 4 7 8 9 10 0 6
0 0 0 1 2 3 11 5 4 7 8 9 10 6 0
0 0 0 1 2 3 11 5 0 7 8 9 10 6 4
1 0 1 1 2 3 11 5 7 0 8 9 10 4 6
1 0 1 2 0 3 11 5 6 7 8 9 10 4 1
1 0 1 6 2 3 11 5 0 7 8 9 10 4 1
1 0 1 10 2 3 11 5 6 7 8 9 0 4 1
1 0 1 1 2 3 5 0 6 7 8 9 11 10 4
1 0 1 8 2 3 11 5 6 7 0 9 10 4 1
1 0 1 1 2 3 11 0 4 7 8 9 10 6 5
1 0 1 1 2 3 11 0 5 7 8 9 10 4 6
1 0 1 0 2 3 11 5 1 7 8 9 10 4 6
1 0 1 7 2 3 11 5 6 0 8 9 10 4 1
1 0 1 1 2 3 11 10 6 7 8 9 4 0 5
1 0 1 1 2 0 3 11 6 7 8 9 10 5 4
1 0 1 1 2 3 11 5 6 7 8 0 9 10 4
1 0 1 1 0 3 11 5 6 2 8 9 10 4 7
1 0 1 1 2 3 11 5 6 8 0 9 10 4 7
1 0 1 1 2 3 0 11 6 7 8 9 4 10 5
0 0 0 1 2 3 4 11 6 7 8 9 0 10 5
0 0 0 1 2 3 4 11 6 7 8 9 10 0 5
0 0 0 1 2 3 4 0 6 7 8 9 10 11 5
0 0 0 1 2 3 4 11 6 7 8 9 10 5 0
0 0 0 1 2 3 0 4 6 7 8 9 10 11 5
0 0 0 1 2 3 4 6 0 7 8 9 10 11 5
0 0 0 1 2 3 4 0 6 7 8 9 10 5 11
0 0 0 1 2 3 4 5 6 7 8 9 10 0 11
0 0 0 1 2 3 4 5 6 7 8 9 10 11 0
