0 0 6 3 2 1 7 9 8 10 11 0 5 4
1 1 6 3 2 0 7 9 8 10 11 1 5 4
7 1 6 3 2 7 0 9 8 10 11 1 5 4
9 1 6 3 2 7 9 0 8 10 11 1 5 4
6 2 0 3 2 7 9 6 8 10 11 1 5 4
1 3 1 3 2 7 9 6 8 10 11 0 5 4
11 1 1 3 2 7 9 6 8 10 0 11 5 4
10 1 1 3 2 7 9 6 8 0 10 11 5 4
8 1 1 3 2 7 9 6 0 8 10 11 5 4
7 3 1 3 2 0 9 6 7 8 10 11 5 4
9 1 1 3 2 9 0 6 7 8 10 11 5 4
5 1 1 3 2 9 5 6 7 8 10 11 0 4
11 1 1 3 2 9 5 6 7 8 10 0 11 4
10 1 1 3 2 9 5 6 7 8 0 10 11 4
2 1 1 3 0 9 5 6 7 8 2 10 11 4
3 1 1 0 3 9 5 6 7 8 2 10 11 4
8 1 1 8 3 9 5 6 7 0 2 10 11 4
2 1 1 8 3 9 5 6 7 2 0 10 11 4
3 1 1 8 0 9 5 6 7 2 3 10 11 4
8 1 1 0 8 9 5 6 7 2 3 10 11 4
2 1 1 2 8 9 5 6 7 0 3 10 11 4
7 1 1 2 8 9 5 6 0 7 3 10 11 4
9 3 1 2 8 0 5 6 9 7 3 10 11 4
8 1 1 2 0 8 5 6 9 7 3 10 11 4
3 1 1 2 3 8 5 6 9 7 0 10 11 4
7 1 1 2 3 8 5 6 9 0 7 10 11 4
9 1 1 2 3 8 5 6 0 9 7 10 11 4
8 3 1 2 3 0 5 6 8 9 7 10 11 4
10 1 1 2 3 10 5 6 8 9 7 0 11 4
7 1 1 2 3 10 5 6 8 9 0 7 11 4
9 1 1 2 3 10 5 6 8 0 9 7 11 4
8 1 1 2 3 10 5 6 0 8 9 7 11 4
10 3 1 2 3 0 5 6 10 8 9 7 11 4
7 1 1 2 3 7 5 6 10 8 9 0 11 4
11 1 1 2 3 7 5 6 10 8 9 11 0 4
4 1 1 2 3 7 5 6 10 8 9 11 4 0
10 2 1 2 3 7 5 6 0 8 9 11 4 10
7 3 1 2 3 0 5 6 7 8 9 11 4 10
11 1 1 2 3 11 5 6 7 8 9 0 4 10
4 1 1 2 3 11 5 6 7 8 9 4 0 10
10 1 1 2 3 11 5 6 7 8 9 4 10 0
5 3 1 2 3 11 0 6 7 8 9 4 10 5
11 1 1 2 3 0 11 6 7 8 9 4 10 5
4 1 1 2 3 4 11 6 7 8 9 0 10 5
10 1 1 2 3 4 11 6 7 8 9 10 0 5
5 1 1 2 3 4 11 6 7 8 9 10 5 0
11 3 1 2 3 4 0 6 7 8 9 10 5 11
5 1 1 2 3 4 5 6 7 8 9 10 0 11
11 1 1 2 3 4 5 6 7 8 9 10 11 0
66 0.01