4 0 4 4 8 5 0 9 6 3 7 1 2
4 0 4 4 8 5 1 9 6 3 7 0 2
4 0 4 4 8 5 1 9 6 3 0 7 2
4 0 4 4 8 5 1 9 6 3 7 2 0
4 0 4 4 8 5 1 9 6 0 3 7 2
4 0 4 4 8 5 1 9 0 3 7 2 6
4 0 4 0 8 5 1 9 6 3 7 2 4
4 0 4 4 8 5 1 9 0 6 3 7 2
3 0 3 4 8 5 1 9 2 6 3 7 0
3 0 3 4 8 5 1 9 2 6 3 0 7
3 0 3 0 8 5 1 9 2 6 3 7 4
3 0 3 4 8 5 0 9 2 6 3 7 1
3 0 3 4 8 5 7 9 2 6 3 0 1
3 0 3 4 8 5 7 9 2 6 3 1 0
3 0 3 4 8 5 7 9 2 6 0 3 1
2 0 2 4 8 5 7 9 2 0 6 3 1
2 0 2 4 0 5 7 9 2 8 6 3 1
2 0 2 0 4 5 7 9 2 8 6 3 1
2 0 2 8 4 5 7 9 2 0 6 3 1
2 0 2 8 0 5 7 9 2 4 6 3 1
2 0 2 0 8 5 7 9 2 4 6 3 1
2 0 2 3 8 5 7 9 2 4 6 0 1
2 0 2 3 8 5 7 9 2 4 6 1 0
2 0 2 0 8 5 7 9 2 4 6 1 3
1 0 1 1 8 5 7 9 2 4 6 0 3
1 0 1 1 8 5 7 9 2 4 6 3 0
2 0 2 8 0 5 7 9 2 4 6 1 3
2 0 2 1 8 5 0 9 2 4 6 7 3
2 0 2 1 8 5 0 9 2 4 6 3 7
2 0 2 1 8 5 7 9 0 4 6 3 2
2 0 2 1 8 5 7 9 2 4 0 6 3
2 0 2 1 8 5 3 9 2 4 6 0 7
2 0 2 1 0 5 7 9 8 4 6 3 2
2 0 2 1 8 5 7 0 2 4 6 3 9
2 0 2 1 8 5 3 9 2 4 6 7 0
2 0 2 1 8 5 7 3 2 4 6 0 9
2 0 2 1 8 5 7 3 2 4 6 9 0
2 0 2 1 8 5 7 0 2 4 6 9 3
2 0 2 1 8 5 7 9 4 0 6 3 2
2 0 2 1 8 5 0 9 7 4 6 3 2
2 0 2 1 8 5 7 3 2 4 0 6 9
2 0 2 8 5 0 7 9 2 4 6 1 3
2 0 2 1 8 5 9 0 2 4 6 7 3
2 0 2 1 8 5 9 0 2 4 6 3 7
2 0 2 3 4 5 7 9 2 8 6 0 1
2 0 2 3 8 5 7 9 0 4 6 1 2
2 0 2 1 8 0 5 9 2 4 6 7 3
2 0 2 4 8 5 7 9 2 0 6 1 3
2 0 2 2 8 5 7 9 0 4 6 1 3
2 0 2 9 8 5 7 0 2 4 6 1 3
2 0 2 0 8 5 7 9 3 4 6 1 2
2 0 2 1 8 5 7 9 3 4 6 0 2
2 0 2 1 8 5 7 9 3 4 6 2 0
2 0 2 1 8 5 7 9 0 4 6 2 3
2 0 2 1 0 5 7 9 8 4 6 2 3
2 0 2 1 0 8 5 9 2 4 6 7 3
2 0 2 4 0 5 7 9 2 8 6 1 3
2 0 2 0 8 5 7 9 3 4 6 2 1
2 0 2 0 8 5 7 9 1 4 6 2 3
2 0 2 0 1 5 7 9 8 4 6 2 3
2 0 2 1 5 0 7 9 8 4 6 2 3
2 0 2 8 0 5 7 9 3 4 6 2 1
2 0 2 3 8 5 7 9 0 4 6 2 1
2 0 2 8 0 5 7 9 1 4 6 2 3
2 0 2 2 8 5 7 9 1 4 6 0 3
2 0 2 8 1 5 7 9 0 4 6 2 3
2 0 2 2 8 5 7 9 3 4 6 0 1
2 0 2 3 8 5 7 9 1 4 6 2 0
2 0 2 1 4 5 7 9 8 0 6 2 3
2 0 2 0 4 5 7 9 2 8 6 1 3
2 0 2 1 4 5 7 9 2 8 6 0 3
2 0 2 1 4 5 7 9 2 8 6 3 0
2 0 2 1 8 5 7 9 4 0 6 2 3
2 0 2 9 8 5 7 1 2 4 6 0 3
2 0 2 9 8 5 7 3 2 4 6 1 0
2 0 2 1 8 5 7 9 3 4 0 6 2
2 0 2 1 8 5 7 0 3 4 6 2 9
2 0 2 1 8 5 0 9 3 4 6 2 7
2 0 2 1 8 5 0 3 2 4 6 9 7
2 0 2 1 8 5 0 9 3 4 6 7 2
2 0 2 9 8 5 7 3 2 4 6 0 1
2 0 2 8 0 5 7 9 3 4 6 1 2
2 0 2 2 0 5 7 9 8 4 6 1 3
2 0 2 2 8 5 7 9 3 4 6 1 0
2 0 2 1 8 5 0 9 7 4 6 2 3
2 0 2 3 8 5 7 0 2 4 6 1 9
2 0 2 3 8 5 0 9 2 4 6 1 7
2 0 2 0 8 5 7 1 2 4 6 3 9
2 0 2 3 0 5 7 9 8 4 6 1 2
2 0 2 0 3 5 7 9 8 4 6 1 2
1 0 1 1 3 5 7 9 8 4 6 0 2
1 0 1 1 3 5 7 9 8 4 6 2 0
1 0 1 1 3 5 7 9 0 4 6 2 8
2 0 2 0 3 5 7 9 8 4 6 2 1
2 0 2 1 3 5 0 9 7 4 6 2 8
2 0 2 1 3 5 7 9 4 0 6 2 8
2 0 2 0 3 5 7 9 1 4 6 2 8
2 0 2 1 0 5 7 9 3 4 6 2 8
2 0 2 8 3 5 7 9 0 4 6 2 1
2 0 2 1 3 5 2 9 7 4 6 0 8
1 0 1 1 3 5 2 9 7 4 6 8 0
1 0 1 1 3 5 2 9 0 4 6 8 7
0 0 0 1 3 5 0 9 2 4 6 8 7
1 0 1 1 3 5 0 9 7 4 6 8 2
1 0 1 1 3 5 9 0 2 4 6 8 7
1 0 1 1 3 5 8 9 2 4 6 0 7
1 0 1 1 3 0 5 9 2 4 6 8 7
1 0 1 1 3 5 9 7 2 4 6 8 0
1 0 1 1 3 5 8 9 2 4 6 7 0
1 0 1 1 3 5 0 7 2 4 6 8 9
0 0 0 1 3 5 7 0 2 4 6 8 9
0 0 0 1 3 5 7 9 2 4 6 8 0
