0 0 4 8 5 0 9 6 3 7 1 2
1 1 4 8 5 1 9 6 3 7 0 2
7 1 4 8 5 1 9 6 3 0 7 2
3 1 4 8 5 1 9 6 0 3 7 2
6 1 4 8 5 1 9 0 6 3 7 2
2 2 4 8 5 1 9 2 6 3 7 0
1 3 4 8 5 0 9 2 6 3 7 1
7 1 4 8 5 7 9 2 6 3 0 1
3 1 4 8 5 7 9 2 6 0 3 1
6 1 4 8 5 7 9 2 0 6 3 1
8 1 4 0 5 7 9 2 8 6 3 1
4 1 0 4 5 7 9 2 8 6 3 1
8 3 8 4 5 7 9 2 0 6 3 1
4 1 8 0 5 7 9 2 4 6 3 1
8 1 0 8 5 7 9 2 4 6 3 1
3 3 3 8 5 7 9 2 4 6 0 1
1 1 3 8 5 7 9 2 4 6 1 0
2 2 3 8 5 7 9 0 4 6 1 2
8 3 3 0 5 7 9 8 4 6 1 2
3 1 0 3 5 7 9 8 4 6 1 2
1 3 1 3 5 7 9 8 4 6 0 2
2 1 1 3 5 7 9 8 4 6 2 0
8 2 1 3 5 7 9 0 4 6 2 8
7 3 1 3 5 0 9 7 4 6 2 8
2 1 1 3 5 2 9 7 4 6 0 8
8 1 1 3 5 2 9 7 4 6 8 0
7 2 1 3 5 2 9 0 4 6 8 7
2 3 1 3 5 0 9 2 4 6 8 7
9 1 1 3 5 9 0 2 4 6 8 7
7 1 1 3 5 9 7 2 4 6 8 0
9 3 1 3 5 0 7 2 4 6 8 9
7 1 1 3 5 7 0 2 4 6 8 9
9 1 1 3 5 7 9 2 4 6 8 0
52 0.00