0 0 6 2 3 4 0 9 5 1 8 7
7 1 6 2 3 4 7 9 5 1 8 0
9 2 6 2 3 4 7 0 5 1 8 9
6 1 0 2 3 4 7 6 5 1 8 9
8 3 8 2 3 4 7 6 5 1 0 9
9 1 8 2 3 4 7 6 5 1 9 0
7 1 8 2 3 4 0 6 5 1 9 7
8 2 0 2 3 4 8 6 5 1 9 7
5 3 5 2 3 4 8 6 0 1 9 7
6 1 5 2 3 4 8 0 6 1 9 7
5 1 0 2 3 4 8 5 6 1 9 7
8 2 8 2 3 4 0 5 6 1 9 7
5 3 8 2 3 4 5 0 6 1 9 7
6 1 8 2 3 4 5 6 0 1 9 7
1 1 8 2 3 4 5 6 1 0 9 7
9 1 8 2 3 4 5 6 1 9 0 7
7 1 8 2 3 4 5 6 1 9 7 0
8 3 0 2 3 4 5 6 1 9 7 8
1 3 1 2 3 4 5 6 0 9 7 8
6 1 1 2 3 4 5 0 6 9 7 8
8 2 1 2 3 4 5 8 6 9 7 0
7 1 1 2 3 4 5 8 6 9 0 7
9 1 1 2 3 4 5 8 6 0 9 7
6 1 1 2 3 4 5 8 0 6 9 7
8 1 1 2 3 4 5 0 8 6 9 7
7 2 1 2 3 4 5 7 8 6 9 0
9 1 1 2 3 4 5 7 8 6 0 9
6 1 1 2 3 4 5 7 8 0 6 9
8 1 1 2 3 4 5 7 0 8 6 9
7 1 1 2 3 4 5 0 7 8 6 9
4 3 1 2 3 0 5 4 7 8 6 9
6 1 1 2 3 6 5 4 7 8 0 9
9 1 1 2 3 6 5 4 7 8 9 0
4 2 1 2 3 6 5 0 7 8 9 4
6 3 1 2 3 0 5 6 7 8 9 4
9 1 1 2 3 9 5 6 7 8 0 4
4 1 1 2 3 9 5 6 7 8 4 0
9 3 1 2 3 0 5 6 7 8 4 9
4 1 1 2 3 4 5 6 7 8 0 9
9 1 1 2 3 4 5 6 7 8 9 0
61 0.01