14 0 14 1 7 6 3 5 0 2 4
15 1 14 1 7 6 3 0 5 2 4
15 1 14 1 0 6 3 5 7 2 4
15 1 14 1 7 6 3 5 2 0 4
16 2 14 0 7 6 3 1 5 2 4
16 2 14 1 6 0 3 5 7 2 4
16 2 14 1 7 0 3 5 2 6 4
16 2 14 0 1 6 3 5 7 2 4
16 2 14 1 7 6 3 5 2 4 0
17 3 14 1 6 2 3 5 7 0 4
17 3 14 5 1 6 3 0 7 2 4
17 3 14 1 0 7 3 5 2 6 4
17 3 14 1 6 3 0 5 7 2 4
17 3 14 1 7 3 0 5 2 6 4
17 3 14 1 7 6 3 4 5 2 0
17 3 14 1 7 6 0 5 2 4 3
18 4 14 1 7 6 0 3 5 2 4
18 4 14 1 7 3 4 5 2 6 0
18 4 14 3 1 6 0 5 7 2 4
18 4 14 1 6 3 4 5 7 2 0
18 4 14 1 2 7 3 5 0 6 4
18 4 14 1 0 6 3 7 5 2 4
18 4 14 0 1 7 3 5 2 6 4
18 4 14 1 6 2 3 5 7 4 0
18 4 14 5 1 6 3 7 0 2 4
18 3 15 7 0 6 3 1 5 2 4
18 4 14 1 6 2 3 5 0 7 4
18 4 14 1 7 6 3 0 2 4 5
18 4 14 3 7 6 0 1 5 2 4
19 5 14 5 7 6 3 1 0 2 4
19 4 15 1 7 6 3 4 5 0 2
19 4 15 1 7 6 0 4 5 2 3
19 5 14 1 0 2 3 5 6 7 4
19 5 14 1 7 6 3 2 0 4 5
19 5 14 0 7 6 3 1 2 4 5
19 5 14 5 0 6 3 7 1 2 4
19 5 14 5 1 6 3 7 2 0 4
19 5 14 1 6 2 3 0 5 7 4
19 4 15 7 5 6 3 1 0 2 4
19 5 14 1 2 7 3 0 5 6 4
19 5 14 5 1 7 3 0 2 6 4
19 5 14 1 6 2 0 5 7 4 3
19 5 14 1 2 7 3 5 6 0 4
19 5 14 1 5 6 3 7 0 2 4
19 5 14 1 6 0 3 7 5 2 4
19 5 14 3 1 6 4 5 7 2 0
19 5 14 0 1 6 3 7 5 2 4
19 5 14 1 7 3 4 5 2 0 6
19 5 14 1 7 0 6 3 5 2 4
19 4 15 7 6 0 3 1 5 2 4
19 5 14 1 7 0 3 5 2 4 6
19 4 15 1 7 0 6 5 2 4 3
19 5 14 4 7 6 3 1 5 2 0
19 5 14 3 7 0 6 1 5 2 4
19 5 14 3 7 6 4 1 5 2 0
20 6 14 5 7 6 3 1 2 0 4
20 5 15 1 7 0 3 4 5 6 2
20 6 14 1 2 7 3 5 6 4 0
20 5 15 4 1 6 3 5 7 2 0
20 6 14 5 1 6 3 7 2 4 0
20 6 14 1 7 6 4 5 2 0 3
20 6 14 3 0 7 6 1 5 2 4
20 6 14 1 7 3 0 5 2 4 6
20 5 15 1 7 4 6 5 2 0 3
20 6 14 1 7 4 3 5 2 0 6
20 5 15 1 0 7 6 5 2 4 3
20 6 14 3 1 7 0 5 2 6 4
20 5 15 7 5 6 3 1 2 0 4
20 5 15 7 6 3 0 1 5 2 4
20 6 14 1 0 7 3 5 2 4 6
20 6 14 1 7 0 4 5 2 3 6
20 6 14 1 0 7 6 3 5 2 4
20 5 15 0 7 3 1 5 2 6 4
20 5 15 0 6 3 1 5 7 2 4
20 5 15 7 1 6 3 5 0 2 4
20 5 15 5 1 6 3 4 7 2 0
20 6 14 1 5 6 3 7 2 0 4
20 6 14 1 6 3 0 7 5 2 4
20 6 14 1 6 2 3 7 5 0 4
20 6 14 1 2 0 3 5 6 7 4
20 6 14 1 5 6 3 0 7 2 4
20 6 14 5 0 6 3 1 7 2 4
20 5 15 1 6 3 4 5 7 0 2
20 6 14 1 6 0 2 5 7 4 3
20 5 15 3 1 0 6 5 7 2 4
20 6 14 5 1 7 3 2 0 6 4
20 6 14 1 6 3 2 5 7 0 4
20 5 15 7 5 6 3 0 1 2 4
20 6 14 0 2 7 3 1 5 6 4
20 5 15 1 7 6 4 3 5 2 0
20 6 14 0 5 6 3 7 1 2 4
20 6 14 5 6 0 3 7 1 2 4
20 6 14 0 6 2 3 1 5 7 4
20 6 14 5 1 0 3 7 2 6 4
20 6 14 0 5 6 3 7 1 2 4
20 6 14 0 1 2 3 5 6 7 4
20 6 14 1 7 6 3 2 4 0 5
20 6 14 1 2 0 3 5 6 7 4
20 5 15 1 7 0 6 4 5 2 3
20 6 14 1 7 3 5 0 2 6 4
20 5 15 1 7 6 3 4 0 5 2
20 5 15 0 7 6 1 5 2 4 3
20 6 14 5 7 6 3 0 1 2 4
20 5 15 7 6 2 3 1 5 0 4
20 6 14 5 0 6 3 1 7 2 4
20 6 14 1 7 3 4 5 0 2 6
20 6 14 1 7 0 3 4 5 2 6
21 7 14 1 7 6 0 3 2 4 5
21 7 14 3 7 6 2 1 5 0 4
21 7 14 1 7 0 4 5 2 6 3
21 7 14 1 7 6 4 5 0 2 3
21 7 14 3 5 7 6 1 0 2 4
21 7 14 1 0 3 4 5 7 2 6
21 7 14 1 7 6 4 5 2 3 0
21 7 14 1 7 0 4 5 2 6 3
21 7 14 5 1 6 0 7 2 4 3
21 6 15 0 7 6 1 3 5 2 4
21 6 15 4 1 6 0 5 7 2 3
21 6 15 1 7 3 6 5 2 0 4
21 7 14 5 7 6 3 1 2 4 0
21 7 14 1 2 7 0 5 6 4 3
21 6 15 1 0 7 3 4 5 6 2
21 7 14 5 7 0 3 1 2 6 4
21 6 15 3 7 2 6 1 5 0 4
21 6 15 3 7 6 4 1 5 0 2
21 6 15 1 7 3 0 4 5 6 2
21 7 14 0 3 7 6 1 5 2 4
21 7 14 1 7 4 0 5 2 3 6
21 6 15 1 6 2 3 0 7 4 5
21 6 15 4 7 6 3 1 5 0 2
21 6 15 4 7 6 0 1 5 2 3
21 6 15 1 6 3 5 0 7 2 4
21 6 15 1 7 2 6 3 5 0 4
21 7 14 3 1 7 4 5 2 6 0
21 7 14 1 7 4 3 5 0 2 6
21 6 15 1 2 7 6 5 0 4 3
21 5 16 0 7 6 3 5 2 4 1
21 7 14 1 7 3 0 4 5 2 6
21 7 14 1 0 7 3 4 5 2 6
21 7 14 1 2 7 3 4 5 6 0
21 6 15 7 1 6 3 0 5 2 4
21 6 15 7 6 2 3 1 5 4 0
21 7 14 1 7 3 4 0 5 2 6
21 7 14 0 5 6 3 1 7 2 4
21 7 14 3 1 6 0 7 5 2 4
21 6 15 7 6 2 3 1 0 5 4
21 6 15 7 5 6 3 1 2 4 0
21 7 14 0 7 6 3 5 1 2 4
21 6 15 1 7 6 3 0 4 5 2
21 6 15 5 7 6 1 0 2 4 3
21 7 14 1 6 0 4 5 7 2 3
21 6 15 7 1 6 3 5 2 0 4
21 7 14 1 2 3 0 5 6 7 4
21 7 14 0 7 3 5 1 2 6 4
21 7 14 1 7 3 5 2 0 6 4
21 7 14 5 6 0 3 1 7 2 4
21 7 14 5 0 7 3 2 1 6 4
21 7 14 1 7 6 3 2 4 5 0
21 6 15 1 0 7 6 4 5 2 3
21 7 14 5 1 2 3 0 6 7 4
21 7 14 5 1 7 3 4 2 6 0
21 7 14 5 0 1 3 7 2 6 4
21 7 14 5 1 3 0 7 2 6 4
21 7 14 5 6 3 0 7 1 2 4
21 7 14 5 6 2 3 7 1 0 4
21 7 14 6 0 2 3 1 5 7 4
21 6 15 3 1 6 4 5 7 0 2
21 6 15 1 6 3 4 0 7 2 5
21 7 14 1 7 6 4 0 5 2 3
21 7 14 3 1 6 2 5 7 0 4
21 7 14 2 0 7 3 1 5 6 4
21 6 15 5 1 6 0 3 7 2 4
21 6 15 1 7 3 4 0 2 6 5
21 7 14 1 6 4 2 5 7 0 3
21 7 14 1 6 0 2 5 7 3 4
21 6 15 3 1 2 6 5 7 0 4
21 7 14 1 6 3 2 5 0 7 4
21 7 14 5 1 7 3 2 6 0 4
21 7 14 0 5 6 3 1 7 2 4
21 6 15 1 6 0 4 5 7 3 2
21 6 15 3 0 1 6 5 7 2 4
21 7 14 1 0 6 2 5 7 4 3
21 7 14 5 6 0 3 1 7 2 4
21 6 15 1 6 3 4 5 0 7 2
21 7 14 1 6 2 3 7 5 4 0
21 7 14 0 5 6 3 1 7 2 4
21 7 14 1 6 3 2 5 7 4 0
21 7 14 1 6 3 4 7 5 2 0
21 7 14 1 6 2 3 7 0 5 4
21 7 14 1 5 6 3 7 2 4 0
21 7 14 1 5 0 3 7 2 6 4
21 6 15 7 0 6 3 1 2 4 5
21 7 14 3 7 6 0 1 2 4 5
21 6 15 7 0 6 3 5 1 2 4
21 6 15 7 1 6 3 0 5 2 4
21 6 15 1 0 6 3 2 7 4 5
21 6 15 6 0 3 1 5 7 2 4
21 7 14 1 7 6 4 0 5 2 3
21 6 15 5 6 3 1 0 7 2 4
21 6 15 1 7 6 5 0 2 4 3
21 7 14 0 1 7 6 3 5 2 4
21 6 15 5 7 3 1 0 2 6 4
21 7 14 1 2 7 3 5 0 4 6
21 7 14 1 5 7 6 3 0 2 4
21 7 14 1 0 7 4 5 2 3 6
21 6 15 7 6 3 4 1 5 2 0
21 7 14 0 1 7 3 5 2 4 6
21 7 14 2 1 7 3 5 0 6 4
21 7 14 0 6 3 7 1 5 2 4
21 6 15 7 5 0 3 1 2 6 4
21 7 14 1 7 0 3 2 4 6 5
21 7 14 3 1 0 7 5 2 6 4
21 7 14 1 2 3 0 5 6 7 4
21 6 15 1 7 4 6 5 0 2 3
21 6 15 0 1 7 6 5 2 4 3
21 7 14 1 7 4 3 5 2 6 0
21 6 15 1 7 4 6 5 2 3 0
22 7 15 1 7 2 3 4 5 0 6
22 8 14 3 7 6 2 1 5 4 0
22 8 14 3 5 7 6 1 2 0 4
22 7 15 1 7 2 6 3 0 5 4
22 8 14 3 1 7 4 5 2 0 6
22 7 15 1 7 2 6 3 5 4 0
22 7 15 1 6 2 3 4 5 7 0
22 6 16 0 7 6 3 4 5 2 1
22 7 15 0 6 3 5 1 7 2 4
22 7 15 1 0 6 3 7 2 4 5
22 8 14 1 0 6 4 5 7 2 3
22 7 15 4 7 0 3 1 5 6 2
22 7 15 4 7 0 6 1 5 2 3
22 7 15 1 6 2 3 7 0 4 5
22 7 15 4 7 6 3 1 0 5 2
22 7 15 3 7 6 1 0 5 2 4
22 8 14 1 7 4 0 5 2 6 3
22 7 15 0 6 2 3 1 7 4 5
22 8 14 0 7 6 4 1 5 2 3
22 6 16 4 1 6 3 5 7 0 2
22 8 14 1 3 0 4 5 7 2 6
22 7 15 1 7 3 6 5 0 2 4
22 8 14 1 3 7 6 0 5 2 4
22 8 14 1 2 7 3 0 6 4 5
22 7 15 3 7 0 4 1 5 6 2
22 8 14 5 7 3 0 1 2 6 4
22 7 15 3 7 6 4 1 0 5 2
22 7 15 3 7 2 6 1 0 5 4
22 7 15 1 6 0 3 5 7 4 2
22 8 14 1 2 0 7 5 6 4 3
22 7 15 1 5 7 3 4 0 6 2
22 8 14 5 0 7 3 1 2 6 4
22 8 14 3 7 0 4 1 5 2 6
22 8 14 5 7 6 0 1 2 4 3
22 8 14 0 1 6 4 5 7 2 3
22 7 15 1 7 3 6 5 2 4 0
22 7 15 1 7 0 6 5 2 3 4
22 7 15 0 1 7 3 4 5 6 2
22 7 15 4 1 7 3 5 2 6 0
22 8 14 1 7 6 0 5 2 3 4
22 8 14 1 7 3 6 0 5 2 4
22 7 15 3 7 6 1 0 5 2 4
22 7 15 3 7 2 6 1 5 4 0
22 8 14 5 7 6 3 1 2 4 0
22 8 14 1 7 4 0 5 2 6 3
22 8 14 3 7 2 0 1 5 4 6
22 8 14 1 7 6 0 5 2 3 4
22 8 14 1 0 7 4 5 2 6 3
22 7 15 4 1 6 3 0 7 2 5
22 8 14 0 1 3 4 5 7 2 6
22 8 14 5 1 6 3 0 2 4 7
22 8 14 3 5 7 6 0 1 2 4
22 8 14 1 7 6 4 0 5 2 3
22 7 15 3 1 6 5 0 7 2 4
22 8 14 3 7 0 2 1 5 6 4
22 8 14 1 0 7 4 5 2 6 3
22 7 15 7 6 2 3 0 1 5 4
22 8 14 1 7 0 6 3 2 4 5
22 8 14 3 7 6 2 1 0 5 4
22 8 14 0 6 2 3 7 1 5 4
22 8 14 1 7 6 5 3 2 4 0
22 8 14 1 7 4 6 0 2 3 5
22 8 14 0 7 6 4 1 5 2 3
22 8 14 1 7 4 0 5 2 6 3
22 7 15 1 0 4 6 5 7 2 3
22 8 14 6 1 7 0 5 2 4 3
22 7 15 5 1 7 6 0 2 4 3
22 8 14 1 0 4 3 5 7 2 6
22 8 14 0 1 7 3 4 5 2 6
22 8 14 3 0 1 7 5 2 6 4
22 8 14 1 2 3 4 5 6 7 0
