15 0 15 0 3 6 5 4 1 7 2
16 1 15 3 0 6 5 4 1 7 2
16 1 15 4 3 6 5 0 1 7 2
17 3 14 2 3 6 5 4 1 7 0
17 2 15 3 6 0 5 4 1 7 2
17 2 15 4 3 6 5 1 0 7 2
17 2 15 5 3 6 0 4 1 7 2
17 2 15 3 1 6 5 4 0 7 2
17 3 14 4 3 6 5 2 1 7 0
18 3 15 3 6 5 0 4 1 7 2
18 3 15 4 0 6 5 1 3 7 2
18 3 15 5 3 0 6 4 1 7 2
18 3 15 3 6 7 5 4 1 0 2
18 4 14 2 3 6 5 4 1 0 7
18 4 14 3 6 7 5 4 1 2 0
18 4 14 2 3 6 0 4 1 7 5
18 4 14 4 3 6 5 2 1 0 7
18 3 15 1 3 6 5 4 0 7 2
18 3 15 3 1 6 5 0 4 7 2
18 4 14 4 3 6 0 2 1 7 5
19 4 15 0 4 6 5 1 3 7 2
19 4 15 5 0 3 6 4 1 7 2
19 5 14 2 3 0 6 4 1 7 5
19 5 14 3 6 7 0 4 1 2 5
19 3 16 5 3 6 2 4 1 7 0
19 3 16 4 3 6 5 1 7 0 2
19 5 14 2 3 0 5 4 1 6 7
19 5 14 2 3 6 5 0 1 7 4
19 5 14 5 3 6 2 0 1 7 4
19 4 15 4 3 6 5 1 7 2 0
19 4 15 5 3 7 6 4 1 0 2
19 4 15 4 6 0 5 1 3 7 2
19 4 15 4 0 6 5 3 1 7 2
19 5 14 4 3 0 6 2 1 7 5
19 3 16 3 1 6 5 4 7 0 2
19 4 15 1 0 6 5 4 3 7 2
19 5 14 3 1 6 5 2 4 7 0
19 4 15 1 3 6 5 0 4 7 2
19 4 15 0 1 6 5 3 4 7 2
19 5 14 4 3 0 5 2 1 6 7
19 4 15 3 1 6 5 4 7 2 0
19 5 14 5 3 7 6 4 1 2 0
20 6 14 2 3 0 5 4 1 7 6
20 6 14 0 3 6 2 5 1 7 4
20 6 14 0 3 6 5 2 1 7 4
20 6 14 5 3 6 2 1 0 7 4
20 6 14 2 0 3 5 4 1 6 7
20 6 14 0 3 6 5 2 1 7 4
20 6 14 2 3 6 5 1 0 7 4
20 5 15 5 1 3 6 4 0 7 2
20 4 16 4 3 0 5 1 7 6 2
20 6 14 2 3 5 0 4 1 6 7
20 6 14 2 0 3 6 4 1 7 5
20 4 16 3 6 7 5 4 0 1 2
20 4 16 5 3 6 2 4 1 0 7
20 6 14 3 6 0 7 4 1 2 5
20 5 15 2 3 6 5 4 0 1 7
20 5 15 0 5 3 6 4 1 7 2
20 6 14 2 3 7 6 4 1 0 5
20 6 14 4 0 3 5 2 1 6 7
20 6 14 3 6 7 5 0 1 2 4
20 5 15 0 6 5 3 4 1 7 2
20 5 15 1 4 6 5 0 3 7 2
20 6 14 5 3 7 0 4 1 2 6
20 4 16 3 6 5 2 4 1 7 0
20 5 15 5 3 6 4 0 1 7 2
20 5 15 3 1 6 0 4 7 2 5
20 6 14 4 3 5 0 2 1 6 7
20 5 15 4 6 7 5 1 3 0 2
20 4 16 1 3 6 5 4 7 0 2
20 5 15 1 0 6 5 3 4 7 2
20 6 14 1 3 6 5 2 4 7 0
20 5 15 0 4 6 5 3 1 7 2
20 6 14 4 0 3 6 2 1 7 5
20 5 15 0 3 6 5 1 4 7 2
20 6 14 3 1 6 5 2 4 0 7
20 6 14 4 6 7 5 1 3 2 0
20 5 15 1 3 6 5 4 7 2 0
20 6 14 4 3 0 5 2 1 7 6
20 6 14 3 1 6 0 2 4 7 5
20 4 16 4 3 6 0 5 1 7 2
20 5 15 1 6 0 5 4 3 7 2
20 5 15 0 1 6 5 4 3 7 2
20 5 15 4 3 6 2 5 1 7 0
20 4 16 3 1 0 5 4 7 6 2
20 5 15 4 3 6 5 2 0 1 7
20 6 14 4 3 7 6 2 1 0 5
20 5 15 4 1 6 5 3 0 7 2
20 5 15 5 3 6 7 4 1 0 2
20 5 15 4 6 0 5 3 1 7 2
20 5 15 4 6 5 0 1 3 7 2
20 6 14 5 3 6 7 4 1 2 0
20 5 15 4 3 6 0 1 7 2 5
21 6 15 5 4 6 0 1 3 7 2
21 6 15 3 0 6 5 1 4 7 2
21 7 14 3 6 0 5 4 1 2 7
21 5 16 3 6 5 2 4 1 0 7
21 7 14 5 0 6 2 1 3 7 4
21 7 14 1 4 6 5 2 3 7 0
21 7 14 5 3 0 7 4 1 2 6
21 5 16 3 6 7 5 0 4 1 2
21 6 15 1 4 6 5 3 0 7 2
21 6 15 4 6 5 3 0 1 7 2
21 7 14 2 0 3 5 4 1 7 6
21 7 14 0 6 7 5 3 1 2 4
21 6 15 4 5 3 6 0 1 7 2
21 7 14 4 1 3 5 2 0 6 7
21 7 14 3 6 7 5 1 0 2 4
21 7 14 2 3 7 6 4 1 5 0
21 7 14 0 2 3 5 4 1 6 7
21 7 14 2 1 3 6 4 0 7 5
21 7 14 3 0 6 7 4 1 2 5
21 6 15 2 3 6 5 0 4 1 7
21 6 15 2 0 6 5 4 3 1 7
21 7 14 0 2 3 6 4 1 7 5
21 5 16 3 0 7 5 4 6 1 2
21 5 16 5 3 0 2 4 1 6 7
21 7 14 2 0 6 5 1 3 7 4
21 5 16 4 0 3 5 1 7 6 2
21 6 15 5 3 2 0 4 1 6 7
21 7 14 2 3 5 7 4 1 6 0
21 6 15 4 7 3 5 1 0 6 2
21 6 15 5 1 3 6 0 4 7 2
21 5 16 4 3 5 0 1 7 6 2
21 6 15 0 3 6 4 2 1 7 5
21 7 14 0 6 7 3 4 1 2 5
21 7 14 3 0 6 5 2 1 7 4
21 7 14 2 1 3 5 4 0 6 7
21 7 14 5 3 6 2 1 7 0 4
21 7 14 3 0 6 5 2 1 7 4
21 7 14 2 3 5 0 4 1 7 6
21 7 14 5 4 6 2 1 3 7 0
21 6 15 3 6 5 7 4 1 0 2
21 7 14 3 0 6 2 5 1 7 4
21 6 15 4 3 0 6 1 7 2 5
21 7 14 5 3 6 0 4 1 2 7
21 7 14 2 4 6 5 1 3 7 0
21 7 14 2 3 7 5 4 1 0 6
21 7 14 5 3 7 6 0 1 2 4
21 6 15 4 6 5 0 3 1 7 2
21 7 14 2 3 6 7 4 1 0 5
21 6 15 3 1 6 5 0 7 2 4
21 6 15 4 3 6 5 0 2 1 7
21 6 15 4 1 6 5 0 3 7 2
21 6 15 5 3 0 7 4 1 6 2
21 7 14 4 3 7 6 2 1 5 0
21 6 15 4 1 6 5 0 3 7 2
21 5 16 3 1 5 0 4 7 6 2
21 6 15 4 0 6 5 2 3 1 7
21 6 15 4 3 6 2 5 1 0 7
21 7 14 4 3 6 7 2 1 0 5
21 6 15 0 3 6 4 5 1 7 2
21 6 15 1 6 7 5 4 3 0 2
21 6 15 1 6 5 0 4 3 7 2
21 7 14 0 4 3 5 2 1 6 7
21 6 15 5 1 6 0 3 4 7 2
21 5 16 4 3 0 6 5 1 7 2
21 7 14 3 1 0 6 2 4 7 5
21 7 14 2 1 6 5 3 4 7 0
21 7 14 5 3 6 4 2 1 7 0
21 7 14 4 3 5 0 2 1 7 6
21 7 14 4 3 7 5 2 1 0 6
21 6 15 4 6 7 5 3 1 0 2
21 7 14 3 1 6 5 2 0 4 7
21 6 15 1 3 6 0 4 7 2 5
21 7 14 4 6 7 5 3 1 2 0
21 7 14 4 6 7 0 1 3 2 5
21 6 15 1 4 6 5 3 0 7 2
21 7 14 0 4 3 6 2 1 7 5
21 7 14 3 1 0 5 2 4 6 7
21 7 14 1 6 7 5 4 3 2 0
21 6 15 3 0 6 5 1 4 7 2
21 7 14 4 1 3 6 2 0 7 5
21 6 15 3 4 6 5 0 1 7 2
21 7 14 1 3 6 0 2 4 7 5
21 7 14 1 3 6 5 2 4 0 7
21 6 15 1 6 0 5 3 4 7 2
21 5 16 1 3 0 5 4 7 6 2
21 7 14 4 0 3 5 2 1 7 6
21 6 15 4 6 7 5 1 0 3 2
21 7 14 4 3 5 7 2 1 6 0
21 6 15 3 1 0 6 4 7 2 5
21 5 16 3 0 1 5 4 7 6 2
21 5 16 5 3 7 6 4 0 1 2
21 6 15 0 3 6 4 5 1 7 2
21 6 15 3 7 1 5 4 0 6 2
21 7 14 3 6 5 7 4 1 2 0
21 6 15 3 6 5 2 0 1 7 4
21 6 15 5 3 6 4 1 0 7 2
22 8 14 5 3 6 7 0 1 2 4
22 8 14 0 3 7 5 4 1 2 6
22 6 16 0 4 3 5 1 7 6 2
22 8 14 4 6 7 3 0 1 2 5
22 8 14 3 6 0 5 2 1 7 4
22 8 14 5 3 6 2 1 7 4 0
22 8 14 2 3 5 6 4 1 7 0
22 8 14 3 1 6 5 2 0 7 4
22 8 14 2 1 3 5 4 6 0 7
22 8 14 5 3 0 2 1 7 6 4
22 8 14 3 1 6 5 2 0 7 4
22 8 14 5 6 0 2 1 3 7 4
22 7 15 3 0 6 4 2 1 7 5
22 7 15 2 3 6 4 0 1 7 5
22 8 14 5 1 3 6 2 4 7 0
22 6 16 4 3 5 2 1 7 6 0
22 7 15 0 3 6 5 1 7 2 4
22 6 16 6 0 5 3 4 1 7 2
22 8 14 2 6 5 3 4 1 7 0
22 7 15 4 7 3 5 1 6 0 2
22 7 15 0 6 7 5 4 1 2 3
22 8 14 2 3 5 7 4 1 0 6
22 8 14 2 0 6 5 3 1 7 4
22 7 15 5 3 2 7 4 1 6 0
22 7 15 4 3 0 5 1 7 2 6
22 6 16 3 6 5 4 0 1 7 2
22 7 15 2 3 7 6 4 0 1 5
22 8 14 0 2 3 5 4 1 7 6
22 8 14 2 6 0 5 1 3 7 4
22 6 16 3 7 0 5 4 6 1 2
22 6 16 5 0 3 2 4 1 6 7
22 7 15 3 4 6 5 1 0 7 2
22 8 14 4 2 3 6 0 1 7 5
22 7 15 2 6 0 5 4 3 1 7
22 7 15 3 7 1 5 4 6 0 2
22 8 14 2 5 3 6 4 1 7 0
22 8 14 4 1 3 5 0 2 6 7
22 8 14 2 1 3 6 0 4 7 5
22 7 15 0 3 6 5 2 4 1 7
22 8 14 3 1 6 7 4 0 2 5
22 8 14 5 3 6 0 2 1 7 4
22 8 14 3 6 7 5 1 2 0 4
22 8 14 4 2 3 5 0 1 6 7
22 8 14 3 7 1 5 4 6 2 0
22 5 17 5 3 6 2 4 0 1 7
22 8 14 2 3 7 0 4 1 5 6
22 6 16 5 3 0 2 4 1 7 6
22 8 14 3 0 7 5 1 6 2 4
22 8 14 2 6 1 5 4 3 0 7
22 7 15 5 3 2 0 4 1 7 6
22 6 16 5 3 6 2 0 4 1 7
22 8 14 0 3 6 7 4 1 2 5
22 6 16 0 3 6 2 4 1 7 5
22 8 14 4 5 3 6 2 1 7 0
22 8 14 4 1 3 5 2 6 0 7
22 7 15 4 5 3 6 1 0 7 2
22 8 14 4 6 5 3 2 1 7 0
22 8 14 2 1 3 5 4 0 7 6
22 7 15 0 2 6 5 4 3 1 7
22 8 14 0 2 6 5 1 3 7 4
22 6 16 5 1 3 6 4 7 0 2
22 8 14 4 7 3 5 1 6 2 0
22 7 15 4 6 5 3 1 0 7 2
22 7 15 5 1 3 6 4 7 2 0
22 6 16 0 3 7 5 4 6 1 2
22 7 15 3 6 7 5 2 4 1 0
22 8 14 2 3 6 0 5 1 7 4
22 7 15 2 3 6 5 1 7 0 4
22 6 16 0 6 7 5 3 4 1 2
22 8 14 5 3 6 0 2 1 7 4
22 8 14 5 0 3 7 4 1 2 6
22 8 14 1 4 6 5 2 3 0 7
22 8 14 1 4 6 0 2 3 7 5
22 7 15 4 7 3 5 0 1 6 2
22 8 14 0 5 6 2 1 3 7 4
22 6 16 3 6 0 2 4 1 5 7
22 7 15 3 4 6 5 1 0 7 2
22 7 15 3 6 2 0 4 1 5 7
22 8 14 3 6 5 0 4 1 2 7
22 8 14 5 3 6 0 2 1 7 4
22 6 16 0 3 6 2 4 1 7 5
22 7 15 5 4 0 6 1 3 7 2
22 7 15 0 3 6 4 1 7 2 5
22 8 14 3 0 6 5 4 1 2 7
22 8 14 2 1 3 5 0 4 6 7
22 8 14 3 6 0 5 2 1 7 4
22 7 15 5 0 6 4 1 3 7 2
22 7 15 3 6 2 7 4 1 0 5
22 7 15 5 3 6 4 1 7 0 2
22 7 15 3 6 5 2 1 0 7 4
22 8 14 2 3 6 0 5 1 7 4
22 7 15 3 7 1 5 4 6 0 2
22 7 15 3 7 1 5 0 4 6 2
22 8 14 3 6 5 0 4 1 2 7
22 6 16 4 6 5 2 1 3 7 0
22 6 16 0 3 1 5 4 7 6 2
22 7 15 3 0 6 4 5 1 7 2
22 6 16 5 0 7 6 4 3 1 2
22 8 14 5 3 6 4 1 7 2 0
22 7 15 3 0 1 6 4 7 2 5
22 7 15 3 6 0 5 1 4 7 2
22 6 16 4 1 6 5 3 7 0 2
22 8 14 5 3 0 6 4 1 2 7
22 8 14 0 4 3 5 2 1 7 6
22 7 15 4 0 7 5 1 6 3 2
22 8 14 4 3 5 7 2 1 0 6
22 8 14 1 3 0 5 2 4 6 7
22 7 15 1 6 7 5 3 4 0 2
22 8 14 4 1 3 5 2 0 7 6
22 6 16 1 3 5 0 4 7 6 2
22 8 14 1 3 6 5 2 0 4 7
22 7 15 1 6 5 0 3 4 7 2
22 7 15 3 6 0 5 1 4 7 2
22 8 14 3 4 6 5 2 1 7 0
22 8 14 1 3 0 6 2 4 7 5
22 7 15 3 4 6 5 1 0 7 2
22 8 14 4 1 3 6 0 2 7 5
22 7 15 3 4 6 5 1 0 7 2
22 6 16 5 3 6 7 4 0 1 2
22 8 14 2 1 6 5 4 3 7 0
22 7 15 5 3 6 0 1 4 7 2
22 8 14 3 0 1 5 2 4 6 7
22 8 14 1 6 7 0 4 3 2 5
22 8 14 3 1 5 0 2 4 6 7
22 7 15 3 1 0 5 4 7 2 6
22 8 14 2 4 3 6 0 1 7 5
22 7 15 5 1 6 0 4 3 7 2
22 8 14 4 6 7 0 3 1 2 5
22 8 14 4 6 0 7 1 3 2 5
22 8 14 3 0 6 5 2 1 4 7
22 8 14 3 1 6 5 0 2 4 7
22 7 15 1 3 0 6 4 7 2 5
22 8 14 0 1 6 3 2 4 7 5
22 6 16 4 0 3 6 5 1 7 2
22 8 14 5 3 6 0 2 1 7 4
22 8 14 4 3 7 5 2 1 6 0
22 8 14 4 3 5 6 2 1 7 0
22 7 15 4 1 6 5 3 0 7 2
22 6 16 3 1 6 0 5 4 7 2
22 8 14 5 3 6 4 2 1 0 7
22 8 14 2 1 6 0 3 4 7 5
22 7 15 2 3 6 4 0 1 7 5
22 8 14 3 1 7 6 2 4 0 5
22 8 14 3 0 1 6 2 4 7 5
22 7 15 5 1 0 6 3 4 7 2
22 6 16 4 3 7 6 5 1 0 2
22 7 15 1 0 6 5 3 4 7 2
22 8 14 2 1 6 5 3 4 0 7
22 7 15 3 1 6 2 5 4 7 0
22 8 14 2 4 3 5 0 1 6 7
22 7 15 4 3 7 6 5 1 2 0
22 8 14 2 3 6 5 1 4 7 0
22 7 15 1 6 7 5 4 0 3 2
22 8 14 4 3 6 7 2 1 5 0
22 7 15 3 0 6 4 5 1 7 2
22 8 14 2 4 6 5 3 1 7 0
22 7 15 0 4 6 5 2 3 1 7
22 8 14 4 3 0 7 2 1 6 5
22 7 15 4 3 0 2 5 1 6 7
22 7 15 4 6 0 5 2 3 1 7
22 7 15 5 4 6 0 3 1 7 2
22 8 14 3 1 0 5 2 4 7 6
22 8 14 4 6 1 5 2 3 0 7
22 8 14 4 1 6 5 2 3 7 0
22 7 15 1 3 6 5 0 7 2 4
22 7 15 5 0 3 7 4 1 6 2
22 8 14 4 3 7 0 2 1 5 6
22 7 15 0 3 6 5 4 2 1 7
22 7 15 5 3 7 0 4 1 6 2
22 8 14 4 1 6 5 2 3 7 0
22 7 15 0 1 6 5 3 7 2 4
22 8 14 2 3 6 7 4 1 5 0
22 8 14 1 6 7 5 3 4 2 0
22 8 14 2 3 0 7 4 1 6 5
22 8 14 3 7 1 6 4 0 2 5
22 7 15 4 1 6 5 3 7 2 0
22 7 15 4 3 7 6 2 0 1 5
22 8 14 2 4 6 5 1 3 0 7
22 8 14 5 3 7 6 1 0 2 4
22 8 14 2 3 7 5 4 1 6 0
22 6 16 5 3 7 6 0 4 1 2
22 8 14 2 4 6 0 1 3 7 5
22 7 15 0 1 6 3 4 7 2 5
22 8 14 3 6 0 2 5 1 7 4
22 8 14 5 3 0 6 4 1 2 7
22 7 15 4 0 3 6 1 7 2 5
22 8 14 3 1 6 2 5 0 7 4
22 6 16 1 0 3 5 4 7 6 2
22 8 14 4 7 3 6 1 0 2 5
22 8 14 0 3 7 6 4 1 2 5
22 7 15 1 7 3 5 4 0 6 2
22 7 15 3 6 0 7 4 1 5 2
22 8 14 5 4 6 2 1 3 0 7
22 7 15 4 6 7 5 0 1 3 2
23 9 14 3 6 7 5 2 1 0 4
23 9 14 5 6 2 0 1 3 7 4
23 8 15 6 0 7 3 4 1 2 5
23 9 14 4 7 3 5 2 1 6 0
23 8 15 0 7 3 5 4 1 6 2
23 7 16 3 0 6 2 4 1 5 7
23 9 14 1 5 6 2 0 3 7 4
23 7 16 5 0 3 2 4 1 7 6
23 9 14 5 1 3 7 4 0 2 6
23 9 14 1 4 0 6 2 3 7 5
23 9 14 1 4 0 5 2 3 6 7
23 9 14 5 3 0 6 2 1 7 4
23 9 14 0 5 3 7 4 1 2 6
23 9 14 5 3 6 4 2 1 7 0
23 8 15 1 4 6 0 5 3 7 2
23 9 14 2 3 6 4 5 1 7 0
23 8 15 2 3 0 5 1 7 6 4
23 8 15 5 0 6 2 3 1 7 4
23 9 14 3 1 6 5 0 2 7 4
23 8 15 3 6 7 0 2 4 1 5
23 7 16 4 3 7 5 0 6 1 2
23 6 17 3 6 5 2 4 0 1 7
23 9 14 2 1 0 5 4 6 3 7
23 9 14 5 3 2 0 1 7 6 4
23 8 15 5 1 3 0 4 7 2 6
23 7 16 0 6 5 4 1 3 7 2
23 8 15 3 6 2 5 4 1 0 7
23 8 15 4 0 5 3 1 6 7 2
23 7 16 0 1 3 6 5 4 7 2
23 9 14 4 7 3 0 1 6 2 5
23 6 17 4 3 6 5 0 7 2 1
23 9 14 0 3 6 7 4 1 2 5
23 9 14 2 3 6 4 5 1 7 0
23 7 16 5 1 3 2 4 0 6 7
23 7 16 5 1 0 6 4 7 3 2
23 9 14 2 1 3 5 0 4 7 6
23 8 15 4 2 6 5 0 3 1 7
23 9 14 1 2 6 5 0 3 7 4
23 9 14 3 0 7 5 6 1 2 4
23 8 15 0 3 2 5 4 1 6 7
23 7 16 6 1 5 3 4 0 7 2
23 9 14 4 6 5 3 2 1 0 7
23 9 14 4 5 3 0 2 1 7 6
23 9 14 4 1 3 5 2 6 7 0
23 8 15 4 0 3 6 1 5 7 2
23 8 15 5 3 2 7 4 1 0 6
23 7 16 1 4 6 5 3 7 0 2
23 9 14 4 3 6 7 0 1 2 5
23 7 16 4 3 6 2 0 1 7 5
23 9 14 4 5 3 6 2 1 0 7
23 7 16 3 0 6 2 4 1 7 5
23 9 14 2 6 7 5 1 3 0 4
23 7 16 0 3 6 2 5 4 1 7
23 9 14 0 2 6 5 3 1 7 4
23 9 14 0 3 7 5 1 6 2 4
23 9 14 2 6 1 5 4 3 7 0
23 8 15 5 3 2 6 4 1 7 0
23 9 14 2 3 5 6 4 1 0 7
23 9 14 1 3 6 2 5 0 7 4
23 9 14 3 7 0 5 1 6 2 4
23 7 16 5 3 7 2 4 1 0 6
23 9 14 2 3 7 6 0 1 5 4
23 8 15 2 6 5 0 4 3 1 7
23 9 14 3 1 6 7 0 4 2 5
23 6 17 5 0 6 2 4 3 1 7
23 9 14 2 3 0 7 4 1 5 6
23 9 14 3 6 0 5 1 2 7 4
23 9 14 3 7 1 0 4 6 2 5
23 9 14 3 6 7 5 1 2 4 0
23 9 14 4 2 3 5 1 0 6 7
23 8 15 2 1 3 6 4 7 0 5
23 8 15 3 0 6 5 2 4 1 7
23 9 14 3 1 6 7 4 2 0 5
23 9 14 5 3 0 6 2 1 7 4
23 9 14 5 2 3 0 4 1 6 7
23 9 14 0 1 3 6 2 4 7 5
23 9 14 0 1 3 5 4 2 6 7
23 7 16 6 5 3 0 4 1 7 2
23 9 14 2 5 3 0 4 1 7 6
23 9 14 2 5 3 6 4 1 0 7
23 9 14 4 2 3 6 1 0 7 5
23 7 16 0 5 3 2 4 1 6 7
23 7 16 3 7 5 0 4 6 1 2
23 9 14 4 2 3 5 0 1 7 6
23 9 14 2 6 5 0 1 3 7 4
23 8 15 2 3 7 6 0 4 1 5
23 9 14 2 6 1 5 4 0 3 7
23 9 14 2 5 3 0 4 1 6 7
23 8 15 4 5 3 2 0 1 6 7
23 8 15 3 6 5 4 2 1 7 0
23 8 15 2 0 7 6 4 3 1 5
23 8 15 6 0 7 5 3 1 2 4
23 7 16 3 6 5 4 1 0 7 2
23 9 14 3 6 5 0 2 1 7 4
23 7 16 0 6 5 4 3 1 7 2
23 9 14 5 3 2 7 0 1 6 4
23 8 15 4 0 3 5 1 7 2 6
23 9 14 1 4 6 5 2 0 3 7
23 8 15 4 3 5 0 1 7 2 6
23 9 14 5 6 7 0 3 1 2 4
23 9 14 4 7 3 5 1 0 2 6
23 8 15 5 3 2 7 4 1 0 6
23 7 16 0 3 5 4 1 7 6 2
23 9 14 2 1 6 5 3 0 7 4
23 9 14 2 6 0 5 3 1 7 4
23 8 15 4 6 7 5 0 1 2 3
23 9 14 2 3 0 7 4 1 5 6
23 9 14 4 1 0 5 2 6 3 7
23 8 15 4 7 0 5 1 6 3 2
23 9 14 2 6 5 3 4 1 0 7
23 9 14 5 3 6 0 1 7 2 4
23 7 16 6 5 0 3 4 1 7 2
23 8 15 1 3 6 5 0 7 2 4
23 8 15 1 4 6 5 3 7 2 0
23 8 15 3 0 6 5 1 7 2 4
23 7 16 4 3 5 2 1 7 0 6
23 9 14 5 1 3 0 2 4 7 6
23 9 14 3 7 6 5 1 0 2 4
23 8 15 4 3 0 2 1 7 5 6
23 9 14 5 3 2 4 0 1 6 7
23 9 14 5 1 3 6 2 4 0 7
23 8 15 3 6 0 4 2 1 7 5
23 8 15 2 3 6 4 1 0 7 5
23 9 14 2 3 5 7 0 1 6 4
23 9 14 3 6 4 0 2 1 7 5
23 8 15 3 1 6 4 2 0 7 5
23 8 15 5 1 3 2 0 4 6 7
23 9 14 5 6 7 2 1 3 0 4
23 9 14 5 0 3 2 1 7 6 4
23 8 15 2 3 6 5 1 7 4 0
23 9 14 2 1 3 5 4 6 7 0
23 8 15 3 6 7 4 0 1 2 5
23 8 15 4 3 7 5 2 0 1 6
23 9 14 3 6 5 0 2 1 7 4
23 8 15 0 4 3 6 1 7 2 5
23 7 16 0 1 3 5 4 7 6 2
23 8 15 3 0 6 7 4 1 5 2
23 7 16 4 3 6 2 0 1 7 5
23 9 14 3 6 5 7 0 1 2 4
23 9 14 4 6 7 3 1 0 2 5
23 8 15 5 4 3 0 1 7 6 2
23 9 14 4 3 7 5 0 1 2 6
23 9 14 5 4 3 2 1 7 6 0
23 7 16 1 4 3 5 0 7 6 2
23 7 16 4 3 2 6 1 7 0 5
23 9 14 3 0 7 5 4 1 2 6
23 8 15 4 3 2 6 1 0 7 5
23 9 14 0 3 6 5 4 1 2 7
23 9 14 1 4 6 2 5 3 7 0
23 9 14 0 3 6 7 5 1 2 4
23 9 14 5 3 6 7 1 0 2 4
23 9 14 3 6 5 0 2 1 7 4
23 7 16 0 6 5 2 3 1 7 4
23 8 15 5 0 4 6 1 3 7 2
23 9 14 2 6 5 0 3 1 7 4
23 9 14 5 3 0 7 4 1 2 6
23 9 14 3 6 7 5 2 1 0 4
23 8 15 5 6 0 4 1 3 7 2
23 8 15 4 6 5 7 1 3 0 2
23 9 14 2 3 6 4 5 1 7 0
23 9 14 4 6 5 7 1 3 2 0
23 8 15 3 6 5 2 1 7 0 4
23 9 14 5 4 6 2 1 0 3 7
23 9 14 3 6 0 2 1 7 5 4
23 8 15 0 6 7 5 4 1 3 2
23 9 14 4 6 7 5 2 1 3 0
23 7 16 3 6 5 7 4 0 1 2
23 8 15 1 7 3 5 0 4 6 2
23 9 14 5 4 0 2 1 3 6 7
23 8 15 3 6 7 0 4 1 5 2
23 9 14 4 3 7 6 0 1 2 5
23 8 15 1 7 3 5 4 6 0 2
23 9 14 3 1 6 5 0 2 7 4
23 9 14 1 7 3 5 4 6 2 0
23 9 14 2 3 5 6 4 1 0 7
23 9 14 1 3 6 5 2 0 7 4
23 8 15 2 3 7 5 4 0 1 6
23 9 14 5 3 6 0 1 7 2 4
23 9 14 4 7 3 6 1 2 0 5
23 9 14 3 0 7 6 4 1 2 5
23 9 14 3 1 6 2 5 7 0 4
23 9 14 4 7 3 6 0 1 2 5
23 8 15 4 1 6 3 0 7 2 5
23 9 14 3 6 7 2 5 1 0 4
23 9 14 3 1 6 2 0 5 7 4
23 9 14 3 6 2 0 5 1 7 4
23 9 14 5 0 3 6 4 1 2 7
23 8 15 0 3 1 6 4 7 2 5
23 7 16 4 1 0 5 3 7 6 2
23 8 15 0 4 7 5 1 6 3 2
23 8 15 1 0 6 3 4 7 2 5
23 8 15 5 3 7 6 2 4 1 0
23 9 14 2 4 0 6 1 3 7 5
23 9 14 1 0 3 5 2 4 6 7
23 8 15 1 6 7 5 3 0 4 2
23 9 14 2 4 6 5 1 0 3 7
23 9 14 5 0 7 6 1 3 2 4
23 9 14 2 3 7 0 4 1 6 5
23 9 14 5 3 7 4 0 1 2 6
23 8 15 4 1 6 0 3 7 2 5
23 9 14 2 4 0 5 1 3 6 7
23 8 15 4 0 7 6 2 3 1 5
23 9 14 3 7 1 6 0 4 2 5
23 9 14 4 1 3 5 0 2 7 6
23 8 15 4 1 3 6 2 7 0 5
23 9 14 2 3 7 0 4 1 6 5
23 9 14 3 7 1 6 4 2 0 5
23 9 14 1 6 7 0 3 4 2 5
23 8 15 1 5 3 6 4 0 7 2
23 8 15 4 3 0 2 5 1 7 6
23 9 14 2 3 6 0 4 1 5 7
23 8 15 3 6 0 4 5 1 7 2
23 7 16 4 3 6 7 5 1 0 2
23 9 14 4 1 6 0 2 3 7 5
23 9 14 4 1 6 5 2 3 0 7
23 8 15 1 0 6 5 3 7 2 4
23 9 14 4 1 6 5 2 3 0 7
23 8 15 5 1 3 7 4 0 6 2
23 8 15 3 0 6 5 4 2 1 7
23 9 14 4 3 0 7 2 1 5 6
23 8 15 0 5 3 7 4 1 6 2
23 8 15 4 3 6 7 5 1 2 0
23 7 16 1 4 6 5 3 7 0 2
23 7 16 4 3 6 2 5 0 1 7
23 9 14 3 1 7 5 2 4 0 6
23 9 14 4 6 1 5 2 0 3 7
23 9 14 4 1 6 0 2 3 7 5
23 9 14 3 0 1 5 2 4 7 6
23 9 14 4 6 1 5 2 3 7 0
23 9 14 3 4 1 5 2 0 6 7
23 8 15 5 4 0 6 3 1 7 2
23 9 14 3 1 5 0 2 4 7 6
23 8 15 5 4 6 2 3 1 7 0
23 8 15 1 6 5 3 4 0 7 2
23 9 14 4 3 7 0 2 1 6 5
23 9 14 4 0 3 7 2 1 6 5
23 8 15 4 6 5 0 2 3 1 7
23 8 15 4 0 3 2 5 1 6 7
23 7 16 4 3 6 2 0 1 7 5
23 9 14 2 4 6 5 3 1 0 7
23 8 15 2 4 6 5 0 3 1 7
23 7 16 4 6 7 5 3 0 1 2
23 9 14 2 4 6 0 3 1 7 5
23 8 15 3 1 6 4 0 7 2 5
23 8 15 3 1 6 2 5 4 0 7
23 9 14 2 3 6 0 1 4 7 5
23 9 14 4 3 6 0 2 1 5 7
23 8 15 3 1 6 4 5 0 7 2
23 8 15 4 3 2 0 5 1 6 7
23 9 14 2 3 6 5 1 4 0 7
23 8 15 1 0 7 5 4 6 3 2
23 9 14 2 4 3 5 1 0 6 7
23 8 15 4 3 7 0 5 1 2 6
23 9 14 4 3 7 6 0 1 2 5
23 9 14 3 1 7 6 2 0 4 5
23 9 14 0 3 1 6 2 4 7 5
23 9 14 3 4 1 6 2 0 7 5
23 8 15 5 0 1 6 3 4 7 2
23 9 14 2 1 0 5 3 4 6 7
23 8 15 5 1 7 6 3 4 0 2
23 8 15 1 3 0 5 4 7 2 6
23 9 14 2 3 6 4 5 1 7 0
23 9 14 3 1 7 6 2 4 5 0
23 8 15 2 3 6 4 1 0 7 5
23 9 14 4 6 0 5 1 3 2 7
23 9 14 2 1 0 6 3 4 7 5
23 7 16 5 1 6 2 3 4 7 0
23 9 14 5 3 0 4 2 1 6 7
23 7 16 3 1 0 6 5 4 7 2
23 9 14 5 4 3 0 2 1 6 7
23 9 14 4 3 5 6 2 1 0 7
23 8 15 4 3 6 7 2 0 1 5
23 7 16 4 1 3 6 5 0 7 2
23 7 16 0 4 3 6 5 1 7 2
23 9 14 4 3 7 0 2 1 6 5
23 9 14 5 3 0 6 2 1 7 4
23 7 16 1 6 5 2 4 3 7 0
23 9 14 1 0 6 3 2 4 7 5
23 9 14 2 1 6 3 0 4 7 5
23 8 15 1 0 3 6 4 7 2 5
23 9 14 2 3 6 4 5 1 7 0
23 9 14 0 3 6 5 2 1 4 7
23 9 14 0 1 6 5 3 2 4 7
23 9 14 2 1 6 5 3 0 4 7
23 9 14 4 0 6 7 1 3 2 5
23 9 14 3 6 0 5 2 1 4 7
23 9 14 4 6 0 7 3 1 2 5
23 9 14 1 7 3 6 4 0 2 5
23 8 15 0 3 5 4 2 1 6 7
23 8 15 4 1 3 6 0 5 7 2
23 8 15 5 4 3 6 0 1 7 2
23 8 15 5 1 0 6 4 3 7 2
23 9 14 2 4 3 6 1 0 7 5
23 8 15 3 0 1 5 4 7 2 6
23 8 15 1 6 7 5 0 4 3 2
23 8 15 1 4 6 5 3 0 7 2
23 8 15 3 1 5 0 4 7 2 6
23 9 14 3 1 5 7 2 4 6 0
23 9 14 3 7 1 5 4 0 2 6
23 7 16 0 1 5 3 4 7 6 2
23 6 17 3 1 5 2 4 7 6 0
23 9 14 1 6 0 7 4 3 2 5
23 9 14 5 1 7 6 3 4 2 0
23 9 14 0 3 1 5 2 4 6 7
23 8 15 5 3 0 6 1 4 7 2
23 8 15 3 1 5 2 0 7 6 4
23 8 15 3 6 0 4 5 1 7 2
23 9 14 2 1 6 5 4 3 0 7
23 8 15 5 3 6 2 1 4 7 0
23 9 14 1 6 7 5 0 3 2 4
23 7 16 5 3 6 7 0 4 1 2
23 9 14 2 1 6 0 4 3 7 5
23 7 16 0 1 6 5 4 7 2 3
23 7 16 5 0 6 7 4 3 1 2
23 9 14 0 1 3 6 4 2 7 5
23 9 14 1 0 3 6 2 4 7 5
23 9 14 3 1 6 2 5 0 4 7
23 9 14 1 3 7 6 2 4 0 5
23 9 14 3 4 6 5 2 1 0 7
23 9 14 1 3 0 5 2 4 7 6
23 9 14 1 3 6 5 2 0 7 4
23 8 15 3 6 7 5 1 4 0 2
23 9 14 3 4 6 0 2 1 7 5
23 8 15 3 6 5 0 1 4 7 2
23 9 14 0 4 3 2 5 1 6 7
23 9 14 3 6 7 5 1 4 2 0
23 9 14 0 6 7 5 1 3 2 4
23 9 14 1 3 6 5 0 2 4 7
23 9 14 3 1 6 0 5 7 2 4
23 9 14 1 0 6 5 2 3 4 7
23 8 15 2 3 6 7 4 0 1 5
23 7 16 3 1 6 5 7 0 2 4
23 9 14 3 6 7 0 5 1 2 4
23 7 16 1 3 6 0 5 4 7 2
23 9 14 1 3 5 0 2 4 6 7
23 9 14 4 3 0 7 2 1 5 6
23 8 15 1 3 6 2 5 4 7 0
23 8 15 4 7 0 5 1 6 3 2
23 9 14 2 4 3 5 0 1 7 6
23 8 15 3 6 7 5 1 4 0 2
23 9 14 5 0 3 6 4 1 2 7
23 9 14 1 7 6 5 3 0 2 4
23 7 16 4 6 5 2 3 1 7 0
23 9 14 3 1 6 7 2 4 0 5
23 8 15 3 6 5 0 1 4 7 2
23 8 15 0 3 7 6 5 1 2 4
23 7 16 5 7 0 6 4 3 1 2
23 7 16 4 3 1 5 0 7 6 2
23 7 16 0 5 7 6 4 3 1 2
23 8 15 5 7 1 6 4 3 0 2
23 8 15 3 1 6 4 5 0 7 2
23 8 15 0 1 6 5 2 4 7 3
23 9 14 5 7 1 6 4 3 2 0
23 9 14 2 0 3 7 4 1 6 5
23 7 16 4 6 5 2 1 3 0 7
23 9 14 0 3 6 5 4 1 2 7
23 9 14 2 3 6 4 5 1 7 0
23 8 15 4 6 0 2 1 3 5 7
23 9 14 3 7 1 5 2 4 6 0
23 9 14 5 3 7 6 1 2 0 4
23 8 15 0 7 1 5 3 4 6 2
23 8 15 3 0 5 2 1 6 7 4
23 8 15 5 3 0 4 1 7 6 2
23 8 15 4 3 7 6 0 2 1 5
23 9 14 3 5 0 2 1 6 7 4
23 8 15 3 6 2 7 4 1 5 0
23 9 14 4 3 5 6 2 1 0 7
23 7 16 3 1 2 6 4 7 0 5
23 8 15 0 5 6 4 1 3 7 2
23 9 14 3 6 5 0 2 1 7 4
23 8 15 3 1 2 6 4 0 7 5
23 9 14 1 7 6 3 4 0 2 5
23 9 14 0 1 3 5 2 4 6 7
23 9 14 3 1 6 5 4 0 2 7
23 8 15 3 0 6 4 1 7 2 5
23 7 16 3 0 6 2 4 1 7 5
23 8 15 5 4 7 6 1 3 0 2
23 8 15 1 3 6 4 0 7 2 5
23 7 16 4 3 6 2 0 1 7 5
23 9 14 5 4 7 6 1 3 2 0
23 7 16 3 6 0 2 4 1 7 5
23 9 14 5 3 0 6 2 1 7 4
23 8 15 3 6 2 7 4 1 5 0
23 8 15 3 6 2 0 4 1 7 5
24 7 17 0 6 5 2 4 1 7 3
24 8 16 3 4 6 5 1 7 0 2
24 10 14 5 6 7 3 4 1 2 0
24 9 15 5 1 3 0 6 4 7 2
24 8 16 3 0 5 7 4 6 1 2
24 10 14 4 3 7 6 1 0 2 5
24 10 14 1 7 3 0 4 6 2 5
24 10 14 3 6 2 7 0 1 5 4
24 9 15 1 7 0 5 4 6 3 2
24 10 14 0 1 6 5 3 2 7 4
24 8 16 3 6 5 7 0 4 1 2
24 10 14 5 4 2 0 1 3 6 7
24 10 14 5 0 4 2 1 3 6 7
24 9 15 0 7 3 5 1 4 6 2
24 10 14 1 7 3 5 2 4 6 0
24 8 16 0 3 6 2 4 1 5 7
24 10 14 4 6 5 0 1 3 2 7
24 10 14 3 6 2 0 1 7 5 4
24 10 14 4 6 7 0 2 1 3 5
24 9 15 3 6 5 2 1 7 4 0
24 10 14 5 4 6 2 0 1 3 7
24 10 14 3 0 6 2 1 7 5 4
24 8 16 4 3 2 6 1 7 5 0
24 9 15 5 6 4 0 1 3 7 2
24 10 14 2 3 6 4 5 1 0 7
24 9 15 4 6 0 7 1 3 5 2
24 9 15 4 6 5 7 1 0 3 2
24 9 15 1 3 6 4 2 0 7 5
24 8 16 5 6 7 0 3 4 1 2
24 9 15 5 6 7 4 1 3 0 2
24 9 15 2 6 7 5 3 4 1 0
24 9 15 0 5 4 6 1 3 7 2
24 10 14 5 1 3 6 2 0 4 7
24 8 16 4 3 5 2 1 0 7 6
24 10 14 1 6 7 3 4 0 2 5
24 10 14 1 0 4 6 2 3 7 5
24 10 14 2 3 5 6 0 1 7 4
24 10 14 5 3 6 7 1 2 0 4
24 8 16 6 0 5 2 3 1 7 4
24 9 15 2 3 0 6 5 1 7 4
24 10 14 5 0 6 7 1 3 2 4
24 10 14 3 0 6 7 5 1 2 4
24 10 14 5 1 3 7 0 4 2 6
24 10 14 4 3 6 5 0 1 2 7
24 10 14 1 4 6 2 5 3 0 7
24 10 14 1 0 4 5 2 3 6 7
24 10 14 3 1 7 5 4 0 2 6
24 9 15 4 3 2 6 0 1 7 5
24 8 16 3 6 7 5 2 4 0 1
24 10 14 3 7 0 5 4 1 2 6
24 7 17 6 0 7 5 3 4 1 2
24 8 16 5 3 7 0 4 6 1 2
24 9 15 5 1 6 2 3 0 7 4
24 9 15 1 4 3 5 2 7 6 0
24 10 14 5 4 3 2 1 7 0 6
24 9 15 2 0 3 5 1 7 6 4
24 10 14 4 3 7 5 1 0 2 6
24 8 16 4 3 5 6 1 7 0 2
24 10 14 2 0 1 5 4 6 3 7
24 10 14 4 0 7 3 1 6 2 5
24 10 14 4 6 7 3 1 2 0 5
24 9 15 5 4 0 3 1 7 6 2
24 10 14 5 1 6 2 0 3 7 4
24 9 15 0 3 6 7 4 1 5 2
24 10 14 0 6 5 7 3 1 2 4
24 8 16 4 3 6 2 1 0 7 5
24 10 14 3 6 5 7 1 0 2 4
24 9 15 3 0 5 2 6 1 7 4
24 9 15 0 6 2 3 4 1 5 7
24 10 14 5 2 6 0 1 3 7 4
24 9 15 4 3 7 5 0 2 1 6
24 8 16 4 1 3 5 0 7 6 2
24 9 15 3 1 6 7 4 0 5 2
24 9 15 1 4 3 6 0 7 2 5
24 10 14 1 6 7 5 3 0 2 4
24 9 15 3 6 7 4 1 0 2 5
24 10 14 3 6 7 4 5 1 2 0
24 9 15 4 0 7 5 2 3 1 6
24 9 15 0 6 7 4 3 1 2 5
24 9 15 5 2 6 0 4 3 1 7
24 7 17 0 3 6 5 4 7 2 1
24 9 15 2 3 6 0 1 7 4 5
24 10 14 2 1 3 0 4 6 7 5
24 10 14 1 4 0 5 2 3 7 6
24 8 16 5 0 1 6 4 7 3 2
24 10 14 5 6 7 2 1 0 3 4
24 10 14 5 7 3 2 1 0 6 4
24 10 14 5 6 7 2 1 3 4 0
24 10 14 0 5 3 2 1 7 6 4
24 9 15 4 6 5 0 2 1 7 3
24 10 14 2 3 6 4 5 1 0 7
24 9 15 0 1 3 2 5 4 6 7
24 9 15 3 1 6 4 2 7 0 5
24 9 15 2 1 3 5 4 7 0 6
24 10 14 3 6 4 5 2 1 7 0
24 9 15 0 3 5 2 1 7 6 4
24 9 15 2 0 6 4 1 3 7 5
24 10 14 0 3 5 7 2 1 6 4
24 10 14 2 3 5 7 1 0 6 4
24 9 15 5 3 2 6 4 1 0 7
24 9 15 2 3 6 4 1 7 0 5
24 9 15 3 6 7 4 2 1 0 5
24 10 14 2 5 6 0 1 3 7 4
24 10 14 2 6 5 3 0 1 7 4
24 9 15 0 4 3 6 1 5 7 2
24 9 15 4 3 2 0 1 7 5 6
24 10 14 5 1 0 6 2 4 3 7
24 10 14 5 3 2 4 1 0 6 7
24 10 14 0 3 2 4 5 1 6 7
24 10 14 3 7 6 5 0 1 2 4
24 10 14 3 7 6 5 1 2 0 4
24 9 15 4 0 3 2 1 7 5 6
24 9 15 2 3 5 7 4 0 1 6
24 9 15 4 0 5 3 6 1 7 2
24 9 15 2 3 5 4 0 1 6 7
24 10 14 5 1 0 3 2 4 7 6
24 9 15 3 6 0 5 1 7 2 4
24 9 15 5 3 6 0 2 4 1 7
24 9 15 1 4 6 0 3 7 2 5
24 8 16 4 3 2 5 1 7 0 6
24 8 16 6 5 7 3 4 1 0 2
24 9 15 0 3 2 5 4 1 7 6
24 8 16 0 3 5 2 4 1 6 7
24 10 14 2 0 3 7 4 1 5 6
24 10 14 4 0 1 5 2 6 3 7
24 10 14 2 6 0 3 4 1 5 7
24 10 14 4 1 5 0 2 6 3 7
24 10 14 2 1 6 5 0 3 7 4
24 10 14 2 6 5 0 3 1 7 4
24 9 15 4 6 7 5 1 0 2 3
24 8 16 3 6 0 2 4 1 7 5
24 9 15 6 2 3 0 4 1 7 5
24 10 14 4 7 3 5 1 2 0 6
24 8 16 3 0 5 4 1 7 6 2
24 8 16 1 3 5 4 0 7 6 2
24 10 14 4 7 3 5 0 1 2 6
24 9 15 4 5 3 0 6 1 7 2
24 10 14 5 6 0 7 3 1 2 4
24 10 14 3 7 1 5 0 6 2 4
24 10 14 1 0 6 2 5 3 7 4
24 9 15 3 4 6 5 2 0 1 7
24 10 14 5 3 2 7 1 0 6 4
24 9 15 0 4 3 5 1 7 2 6
24 10 14 1 4 6 5 0 2 3 7
24 9 15 4 3 5 6 1 7 2 0
24 10 14 0 3 2 7 5 1 6 4
24 9 15 2 0 6 5 3 4 1 7
24 9 15 3 6 5 4 2 1 0 7
24 9 15 6 1 7 5 3 0 2 4
24 8 16 3 0 5 4 1 6 7 2
24 9 15 2 7 0 6 4 3 1 5
24 9 15 6 7 0 5 3 1 2 4
24 7 17 5 6 0 2 4 3 1 7
24 10 14 2 0 3 7 4 1 5 6
24 9 15 2 1 0 6 4 7 3 5
24 9 15 4 5 3 2 1 0 6 7
24 10 14 2 6 1 5 0 4 3 7
24 10 14 2 5 3 7 4 1 6 0
24 10 14 2 5 0 3 4 1 6 7
24 10 14 2 7 1 6 4 3 0 5
24 9 15 5 3 6 0 2 4 1 7
24 10 14 2 0 1 5 4 6 3 7
24 8 16 5 6 2 0 4 3 1 7
24 10 14 2 5 3 6 0 1 7 4
24 9 15 0 3 7 6 2 4 1 5
24 10 14 4 0 3 5 1 2 6 7
24 10 14 4 2 3 5 1 0 7 6
24 10 14 2 3 0 6 4 1 5 7
24 8 16 5 3 6 2 7 4 1 0
24 10 14 2 5 0 6 4 1 3 7
24 10 14 4 0 3 6 1 2 7 5
24 10 14 1 2 3 5 4 0 6 7
24 10 14 2 5 0 3 4 1 7 6
24 10 14 5 0 3 6 2 1 7 4
24 8 16 6 5 0 3 4 1 7 2
24 8 16 6 5 3 2 4 1 7 0
24 10 14 5 2 3 7 4 1 6 0
24 10 14 1 0 3 6 2 4 7 5
24 10 14 1 0 3 5 4 2 6 7
24 10 14 5 2 3 6 4 1 7 0
24 10 14 3 1 0 7 4 2 6 5
24 10 14 5 2 0 3 4 1 6 7
24 10 14 5 3 7 6 2 1 0 4
24 10 14 5 3 2 4 0 1 7 6
24 10 14 3 1 6 7 4 2 5 0
24 9 15 3 6 0 5 2 4 1 7
24 10 14 6 5 3 2 0 1 7 4
24 9 15 2 1 3 6 4 7 5 0
24 10 14 4 2 3 5 1 6 0 7
24 8 16 3 6 7 2 4 1 0 5
24 10 14 3 6 7 0 1 2 4 5
24 10 14 3 6 1 5 2 4 0 7
24 10 14 5 2 3 0 4 1 7 6
24 10 14 3 0 6 5 1 2 7 4
24 10 14 3 6 5 0 1 2 7 4
24 7 17 0 5 6 2 4 3 1 7
24 10 14 4 6 7 5 3 1 2 0
24 10 14 0 1 6 7 3 4 2 5
24 9 15 2 6 5 7 4 3 1 0
24 9 15 2 5 6 0 4 3 1 7
24 8 16 4 5 6 2 0 3 1 7
24 10 14 2 6 7 5 3 1 0 4
24 9 15 3 1 6 4 0 2 7 5
24 10 14 0 3 7 6 2 1 5 4
24 9 15 0 2 7 6 4 3 1 5
24 10 14 2 3 7 6 1 0 5 4
24 8 16 5 3 7 2 4 1 6 0
24 10 14 1 3 6 2 5 7 0 4
24 10 14 3 7 5 0 1 6 2 4
24 8 16 3 6 5 4 1 7 0 2
24 10 14 5 3 7 2 0 1 6 4
24 10 14 1 0 6 5 2 4 3 7
24 8 16 5 6 1 2 4 3 0 7
24 9 15 3 6 0 4 1 7 5 2
24 9 15 3 6 5 4 1 7 2 0
24 9 15 3 5 0 4 1 6 7 2
24 10 14 2 3 0 6 4 1 5 7
24 10 14 1 3 6 2 0 5 7 4
24 10 14 3 6 0 4 2 1 5 7
24 9 15 5 3 2 6 4 1 0 7
24 10 14 2 3 0 7 4 1 6 5
24 10 14 2 6 1 0 4 3 7 5
24 10 14 1 2 3 6 4 0 7 5
24 10 14 1 3 7 5 0 6 2 4
24 9 15 4 6 5 0 3 1 7 2
24 9 15 5 6 7 0 4 1 2 3
24 8 16 6 0 7 5 4 1 2 3
24 10 14 3 2 6 5 0 1 7 4
24 8 16 4 5 3 6 1 7 0 2
24 10 14 2 6 7 5 1 3 4 0
24 8 16 3 0 6 2 5 4 1 7
24 9 15 3 5 0 4 1 7 6 2
24 9 15 4 5 3 6 1 7 2 0
24 10 14 4 5 0 6 2 1 3 7
24 9 15 3 4 6 2 5 0 1 7
24 10 14 2 6 7 5 1 0 3 4
24 8 16 3 1 6 2 4 0 7 5
24 8 16 4 3 6 2 1 0 7 5
24 10 14 3 4 6 2 5 1 0 7
24 9 15 2 6 5 0 4 1 7 3
24 8 16 3 0 7 5 6 4 1 2
24 10 14 4 3 6 7 1 0 2 5
24 8 16 1 4 0 5 3 7 6 2
24 9 15 4 3 0 6 1 5 7 2
24 9 15 6 5 7 3 4 1 2 0
24 9 15 4 3 2 5 1 0 7 6
24 10 14 4 1 3 0 2 6 7 5
24 9 15 5 0 3 6 1 4 7 2
24 8 16 4 6 5 3 1 7 0 2
24 8 16 6 1 5 3 0 4 7 2
24 10 14 4 5 0 3 2 1 7 6
24 9 15 4 6 5 3 1 7 2 0
24 9 15 0 1 5 3 6 4 7 2
24 10 14 0 4 3 2 1 7 5 6
24 10 14 4 6 0 3 2 1 5 7
24 9 15 2 3 7 5 4 6 1 0
24 9 15 4 3 2 5 0 1 6 7
24 10 14 0 3 7 5 6 1 2 4
24 9 15 3 0 2 5 4 1 6 7
24 9 15 4 7 5 0 1 6 3 2
24 9 15 5 1 3 6 0 7 2 4
24 10 14 3 2 0 5 4 1 6 7
24 10 14 3 1 7 5 6 0 2 4
24 10 14 3 7 0 5 6 1 2 4
24 10 14 1 2 6 5 3 0 7 4
24 9 15 4 2 6 5 3 0 1 7
24 10 14 2 3 6 4 1 7 5 0
24 10 14 3 6 7 4 2 1 5 0
24 10 14 4 2 6 5 3 1 0 7
24 10 14 0 1 3 5 2 4 7 6
24 8 16 5 1 6 0 4 7 3 2
24 8 16 5 1 3 2 4 6 0 7
24 10 14 3 1 6 4 2 7 5 0
24 10 14 4 3 6 7 0 1 2 5
24 9 15 3 1 6 5 2 7 0 4
24 9 15 5 7 1 6 4 0 3 2
24 9 15 4 5 0 3 1 6 7 2
24 9 15 3 6 2 5 4 1 7 0
24 8 16 4 5 7 6 0 3 1 2
24 9 15 1 6 7 5 0 3 4 2
24 9 15 5 3 6 0 1 7 4 2
24 8 16 6 0 5 4 1 3 7 2
24 8 16 1 6 5 4 0 3 7 2
24 9 15 6 5 0 4 1 3 7 2
24 10 14 5 0 3 6 2 1 7 4
24 9 15 5 1 0 3 4 7 2 6
24 9 15 5 4 6 7 1 3 0 2
24 10 14 5 3 2 4 1 7 6 0
24 10 14 5 4 6 7 1 3 2 0
24 9 15 4 3 7 5 2 6 1 0
24 7 17 3 6 5 2 0 4 1 7
24 10 14 2 1 5 0 4 6 3 7
24 7 17 3 0 5 2 4 6 1 7
24 10 14 3 5 0 2 6 1 7 4
24 8 16 3 4 6 5 1 7 0 2
24 8 16 4 3 7 5 6 0 1 2
24 9 15 3 4 6 5 1 7 2 0
24 9 15 4 3 7 5 6 1 0 2
24 9 15 3 6 0 7 2 4 1 5
24 10 14 4 3 7 5 6 1 2 0
24 10 14 3 6 1 7 2 4 0 5
24 9 15 2 4 3 5 1 7 6 0
24 8 16 4 3 6 1 0 7 2 5
24 9 15 4 3 5 6 1 0 7 2
24 9 15 4 3 5 6 1 7 2 0
24 10 14 0 1 6 5 3 2 7 4
24 10 14 2 7 3 5 1 0 6 4
24 9 15 4 3 6 2 5 1 7 0
24 8 16 4 3 6 2 1 7 0 5
24 9 15 5 6 0 2 3 1 7 4
24 9 15 4 3 6 2 1 7 5 0
24 9 15 0 5 6 2 3 1 7 4
24 10 14 2 3 6 4 5 1 0 7
24 10 14 3 5 6 2 0 1 7 4
24 9 15 2 3 5 0 1 7 6 4
24 9 15 0 6 5 2 1 3 7 4
24 10 14 4 5 3 7 0 1 2 6
24 10 14 5 0 3 6 2 1 7 4
24 10 14 5 3 7 6 2 1 0 4
24 10 14 1 4 5 0 2 3 6 7
24 9 15 6 5 0 2 3 1 7 4
24 8 16 0 5 3 2 4 1 7 6
24 8 16 5 1 3 2 4 0 7 6
24 9 15 4 5 3 2 0 1 7 6
24 9 15 5 1 3 2 0 4 7 6
24 10 14 1 4 7 6 2 3 0 5
24 10 14 5 1 3 7 4 2 0 6
24 8 16 3 1 6 2 4 0 5 7
24 9 15 4 0 2 6 1 3 7 5
24 9 15 3 1 6 2 0 4 5 7
24 10 14 4 2 0 6 1 3 7 5
24 10 14 5 6 7 4 1 3 2 0
24 9 15 6 1 7 3 4 0 2 5
24 10 14 4 7 3 5 2 1 0 6
24 10 14 4 7 3 0 2 1 6 5
24 9 15 6 7 0 3 4 1 2 5
24 10 14 5 6 2 4 1 3 7 0
24 10 14 5 6 4 2 1 3 7 0
24 10 14 3 6 7 5 2 1 4 0
24 9 15 4 3 2 0 1 7 5 6
24 9 15 5 3 4 6 1 0 7 2
24 8 16 3 6 2 7 4 0 1 5
24 10 14 3 6 7 5 2 1 4 0
24 10 14 0 3 5 7 2 1 6 4
24 9 15 4 3 6 2 0 1 5 7
24 10 14 1 4 3 5 2 0 6 7
24 8 16 1 0 3 6 5 4 7 2
24 10 14 1 3 6 5 0 2 7 4
24 10 14 4 7 0 6 1 2 3 5
24 10 14 5 1 3 6 4 0 2 7
24 9 15 2 3 7 5 0 4 1 6
24 10 14 5 3 7 0 6 1 2 4
24 10 14 3 1 6 2 5 7 4 0
24 10 14 5 0 7 6 3 1 2 4
24 9 15 5 3 2 6 4 1 0 7
24 8 16 4 6 5 2 0 1 7 3
24 9 15 3 4 6 5 1 7 2 0
24 10 14 1 3 6 7 2 4 0 5
24 9 15 2 6 5 0 4 1 7 3
24 7 17 0 3 7 6 5 4 1 2
24 9 15 3 6 2 5 4 1 7 0
24 9 15 0 4 5 3 1 6 7 2
24 10 14 5 3 6 4 0 1 2 7
24 10 14 4 7 0 3 1 6 2 5
24 8 16 4 0 1 5 3 7 6 2
24 8 16 3 6 7 2 4 1 0 5
24 9 15 4 7 1 5 3 0 6 2
24 10 14 5 3 7 6 2 1 0 4
24 9 15 4 1 0 6 2 7 3 5
24 10 14 5 4 7 0 1 3 2 6
24 10 14 1 3 6 4 5 7 2 0
24 8 16 4 3 6 2 1 0 7 5
24 9 15 3 0 6 5 1 7 2 4
24 8 16 0 6 5 4 3 1 7 2
24 10 14 2 0 4 6 1 3 7 5
24 9 15 1 3 6 4 7 0 2 5
24 9 15 5 4 7 6 1 0 3 2
24 10 14 3 1 6 5 0 4 2 7
24 8 16 3 1 6 2 4 0 7 5
24 9 15 3 7 6 4 1 0 2 5
24 10 14 1 4 3 5 2 0 6 7
24 10 14 1 7 6 3 0 4 2 5
24 10 14 3 1 6 5 4 2 0 7
24 9 15 3 0 2 6 4 1 7 5
24 10 14 1 7 6 3 4 2 0 5
24 10 14 3 2 0 6 4 1 7 5
24 9 15 5 3 2 6 4 1 0 7
24 10 14 2 3 7 5 0 1 6 4
24 9 15 4 0 6 5 3 2 1 7
24 9 15 1 5 6 4 0 3 7 2
24 9 15 0 3 7 6 4 2 1 5
24 10 14 3 6 2 7 0 1 5 4
24 8 16 3 1 2 6 4 7 5 0
24 10 14 4 3 0 6 2 1 5 7
24 10 14 3 5 7 2 1 6 0 4
24 10 14 5 7 0 6 1 3 2 4
24 9 15 0 3 5 2 1 6 7 4
24 9 15 5 0 3 4 1 7 6 2
24 9 15 0 4 7 6 2 3 1 5
24 10 14 5 3 7 6 1 2 4 0
24 9 15 4 6 2 7 1 3 0 5
24 9 15 3 1 6 5 2 7 0 4
24 10 14 3 6 2 4 0 1 5 7
24 8 16 4 6 5 2 1 0 3 7
24 9 15 4 6 2 0 1 3 5 7
24 10 14 3 7 1 5 2 4 0 6
24 10 14 5 3 0 6 1 2 7 4
24 10 14 3 7 1 0 2 4 6 5
24 10 14 4 3 6 5 0 1 2 7
24 10 14 2 3 6 4 5 1 0 7
24 9 15 4 0 6 2 1 3 5 7
24 9 15 4 6 5 7 3 1 0 2
24 10 14 1 6 0 5 4 3 2 7
24 8 16 3 1 5 4 0 7 6 2
24 8 16 3 4 6 5 1 7 0 2
24 10 14 2 1 3 7 4 0 6 5
24 10 14 5 4 3 6 2 1 7 0
24 9 15 0 3 7 5 4 1 6 2
24 10 14 5 7 1 0 4 3 2 6
24 8 16 5 3 7 2 4 1 6 0
24 9 15 2 1 6 5 0 4 7 3
24 9 15 1 0 6 5 2 4 7 3
24 10 14 4 3 0 7 2 1 6 5
24 9 15 1 3 6 4 5 0 7 2
24 9 15 5 3 6 0 4 2 1 7
24 10 14 0 3 7 4 2 1 5 6
24 9 15 3 1 6 4 0 5 7 2
24 9 15 5 7 1 6 4 0 3 2
24 10 14 4 1 6 5 2 0 3 7
24 9 15 4 3 2 0 5 1 7 6
24 9 15 4 3 1 5 2 7 6 0
24 9 15 4 3 7 6 0 1 5 2
24 9 15 6 4 3 0 2 1 7 5
24 10 14 1 3 6 0 5 7 2 4
24 10 14 6 3 7 0 5 1 2 4
24 8 16 5 7 6 0 4 3 1 2
24 9 15 3 0 7 6 5 1 2 4
24 10 14 2 1 6 5 0 3 7 4
24 8 16 1 3 6 5 7 0 2 4
24 10 14 3 1 6 7 2 4 5 0
24 10 14 3 1 0 7 2 4 6 5
24 9 15 5 1 6 0 3 7 2 4
24 9 15 5 1 3 7 0 4 6 2
24 10 14 4 6 1 5 0 2 3 7
24 9 15 3 6 7 5 1 0 4 2
24 10 14 1 7 6 5 3 2 0 4
24 8 16 4 6 5 2 3 1 0 7
24 10 14 0 5 3 6 4 1 2 7
24 10 14 1 7 6 5 0 3 2 4
24 9 15 1 3 6 2 5 4 0 7
24 9 15 4 7 5 0 1 6 3 2
24 10 14 2 4 3 5 1 0 7 6
24 10 14 4 0 3 7 2 1 5 6
24 8 16 1 4 0 5 3 7 6 2
24 10 14 1 3 5 7 2 4 6 0
