14 0 14 2 1 3 7 5 0 6 4
15 1 14 2 1 3 7 0 5 6 4
15 1 14 2 1 3 7 5 6 0 4
15 1 14 2 0 3 7 5 1 6 4
16 2 14 0 1 3 7 2 5 6 4
16 2 14 2 1 0 7 5 6 3 4
16 2 14 2 3 0 7 5 1 6 4
16 2 14 2 1 3 7 5 6 4 0
16 2 14 0 2 3 7 5 1 6 4
17 3 14 2 0 1 7 5 6 3 4
17 3 14 2 3 7 0 5 1 6 4
17 3 14 2 1 3 0 5 6 4 7
17 3 14 2 1 7 0 5 6 3 4
17 3 14 2 3 6 7 5 1 0 4
17 3 14 2 1 3 7 4 5 6 0
17 3 14 1 0 3 7 2 5 6 4
17 3 14 5 2 3 7 0 1 6 4
18 4 14 2 1 3 0 7 5 6 4
18 4 14 2 1 7 4 5 6 3 0
18 4 14 2 3 6 7 5 1 4 0
18 4 14 2 1 3 0 4 5 6 7
18 4 14 2 1 3 7 0 6 4 5
18 4 14 2 0 3 7 1 5 6 4
18 4 14 2 3 7 4 5 1 6 0
18 4 14 2 1 0 3 5 6 4 7
18 4 14 0 2 1 7 5 6 3 4
18 4 14 2 6 1 7 5 0 3 4
18 4 14 2 1 3 7 4 5 0 6
18 4 14 1 3 0 7 2 5 6 4
18 4 14 5 2 3 7 1 0 6 4
18 4 14 1 5 3 7 2 0 6 4
19 4 15 7 1 3 0 2 5 6 4
19 5 14 2 1 0 7 5 6 4 3
19 5 14 2 6 1 7 0 5 3 4
19 5 14 2 6 1 7 5 3 0 4
19 5 14 1 3 7 0 2 5 6 4
19 5 14 5 0 3 7 1 2 6 4
19 5 14 2 1 3 7 4 0 5 6
19 4 15 2 3 6 7 5 0 1 4
19 5 14 2 1 4 3 5 6 0 7
19 5 14 5 2 1 7 0 6 3 4
19 5 14 2 0 1 3 5 6 4 7
19 5 14 1 2 3 7 5 0 6 4
19 5 14 0 1 7 2 5 6 3 4
19 5 14 0 2 3 7 1 5 6 4
19 5 14 2 3 7 4 5 1 0 6
19 5 14 2 5 3 7 1 0 6 4
19 5 14 2 3 0 7 1 5 6 4
19 5 14 4 1 3 7 2 5 6 0
19 5 14 2 1 3 7 6 0 4 5
19 5 14 0 1 3 2 5 6 4 7
19 5 14 0 1 3 7 2 6 4 5
19 5 14 2 1 0 3 4 5 6 7
19 5 14 2 3 6 0 5 1 4 7
19 5 14 0 3 7 2 5 1 6 4
19 5 14 2 1 3 4 7 5 6 0
19 5 14 2 1 7 4 5 6 0 3
19 5 14 5 1 3 7 2 0 6 4
19 5 14 5 2 3 7 4 1 6 0
19 5 14 2 1 0 3 7 5 6 4
19 5 14 2 1 0 7 4 5 3 6
19 4 15 7 2 3 0 5 1 6 4
19 5 14 1 3 6 7 2 5 0 4
19 5 14 1 5 3 7 0 2 6 4
19 5 14 5 2 3 7 1 6 0 4
19 5 14 1 5 3 7 2 6 0 4
20 6 14 2 1 4 7 5 6 0 3
20 5 15 4 2 3 7 5 1 6 0
20 5 15 2 0 6 7 5 3 1 4
20 6 14 2 0 1 7 4 5 3 6
20 5 15 7 2 3 4 5 1 6 0
20 6 14 1 3 6 7 2 0 5 4
20 6 14 1 5 3 7 2 6 4 0
20 5 15 7 2 0 3 5 1 6 4
20 6 14 5 2 3 7 4 1 0 6
20 6 14 2 1 6 3 7 5 0 4
20 6 14 2 1 7 0 4 5 3 6
20 6 14 2 6 1 7 5 3 4 0
20 6 14 1 3 7 4 2 5 6 0
20 6 14 2 1 3 7 0 4 5 6
20 6 14 5 2 3 0 4 1 6 7
20 6 14 5 0 3 7 2 1 6 4
20 6 14 2 1 0 4 5 6 7 3
20 6 14 5 1 3 7 2 6 0 4
20 6 14 2 1 7 5 0 6 3 4
20 6 14 5 3 0 7 1 2 6 4
20 6 14 2 1 3 4 7 5 0 6
20 6 14 2 1 7 3 5 6 0 4
20 6 14 2 1 6 3 4 5 0 7
20 6 14 3 0 7 2 5 1 6 4
20 6 14 5 3 7 2 0 1 6 4
20 6 14 2 0 1 3 4 5 6 7
20 6 14 2 1 3 5 0 6 4 7
20 6 14 2 1 3 7 6 4 0 5
20 6 14 5 1 3 2 0 6 4 7
20 6 14 1 0 3 7 2 6 4 5
20 6 14 1 0 3 2 5 6 4 7
20 6 14 2 5 3 7 0 1 6 4
20 6 14 4 1 3 7 2 5 0 6
20 6 14 2 0 3 7 6 1 4 5
20 6 14 2 3 6 7 1 5 0 4
20 6 14 4 1 3 0 2 5 6 7
20 6 14 2 3 6 7 0 1 4 5
20 6 14 2 3 0 4 5 1 7 6
20 6 14 2 5 3 7 1 6 0 4
20 6 14 2 3 7 0 1 5 6 4
20 6 14 2 3 7 5 0 1 6 4
20 6 14 5 1 7 2 0 6 3 4
20 6 14 1 2 3 7 0 5 6 4
20 6 14 1 0 3 7 5 2 6 4
20 6 14 1 0 7 2 5 6 3 4
20 6 14 2 6 1 3 5 0 4 7
20 6 14 0 2 1 3 5 6 4 7
20 6 14 1 2 3 7 5 6 0 4
20 6 14 1 2 3 7 0 5 6 4
20 6 14 2 1 4 3 5 0 6 7
20 6 14 5 2 1 7 6 0 3 4
20 6 14 2 1 4 3 5 6 7 0
20 5 15 2 3 6 7 0 5 1 4
20 5 15 0 1 3 7 5 6 4 2
20 6 14 0 1 3 2 7 5 6 4
20 6 14 2 0 3 7 4 1 5 6
20 6 14 2 1 7 4 5 0 6 3
20 6 14 1 3 6 7 2 5 4 0
20 6 14 0 5 3 7 1 2 6 4
20 6 14 5 2 3 0 7 1 6 4
20 6 14 5 0 3 7 2 1 6 4
20 6 14 2 0 1 7 5 6 4 3
20 6 14 0 6 1 7 2 5 3 4
20 5 15 7 1 3 4 2 5 6 0
20 6 14 2 1 7 0 5 6 4 3
20 5 15 7 1 0 3 2 5 6 4
20 6 14 5 1 3 7 0 2 6 4
20 6 14 5 2 3 7 1 6 4 0
20 6 14 1 5 0 7 2 6 3 4
20 6 14 2 1 3 4 5 6 0 7
20 6 14 5 2 0 7 1 6 3 4
20 6 14 2 0 1 3 7 5 6 4
20 6 14 0 5 3 7 1 2 6 4
21 7 14 2 6 1 7 4 5 3 0
21 6 15 0 2 6 7 5 3 1 4
21 7 14 2 3 0 4 5 1 6 7
21 7 14 4 2 3 7 0 1 6 5
21 6 15 7 1 6 3 2 5 0 4
21 6 15 7 0 1 3 2 5 6 4
21 7 14 0 1 3 7 5 2 6 4
21 7 14 5 1 3 7 2 6 4 0
21 7 14 2 1 7 3 5 6 4 0
21 7 14 0 2 3 7 6 1 4 5
21 6 15 7 1 3 4 2 5 0 6
21 7 14 0 2 1 7 4 5 3 6
21 7 14 1 3 6 7 0 2 5 4
21 7 14 5 3 0 7 2 1 6 4
21 7 14 6 0 1 7 2 5 3 4
21 7 14 2 6 1 7 5 0 4 3
21 6 15 2 3 7 6 5 1 0 4
21 6 15 7 2 1 0 5 6 3 4
21 7 14 0 5 3 7 2 1 6 4
21 7 14 5 2 0 3 7 1 6 4
21 6 15 7 0 2 3 5 1 6 4
21 7 14 2 1 6 3 7 5 4 0
21 7 14 2 0 7 4 5 1 6 3
21 7 14 1 3 6 0 2 5 4 7
21 7 14 6 2 1 7 5 0 3 4
21 7 14 2 3 0 7 4 1 5 6
21 7 14 2 1 7 4 0 5 6 3
21 6 15 2 3 7 4 0 1 6 5
21 6 15 1 0 3 7 5 6 4 2
21 6 15 5 1 3 7 0 6 4 2
21 7 14 1 0 3 2 7 5 6 4
21 7 14 5 3 0 7 2 1 6 4
21 6 15 0 3 6 7 2 5 1 4
21 7 14 0 3 6 2 5 1 4 7
21 7 14 5 3 6 7 1 2 0 4
21 7 14 2 1 7 3 5 6 4 0
21 7 14 2 1 4 3 0 5 6 7
21 7 14 5 0 1 7 6 2 3 4
21 7 14 2 1 4 0 5 6 7 3
21 7 14 2 0 4 3 5 1 6 7
21 7 14 5 2 1 7 6 3 0 4
21 7 14 5 2 1 3 0 6 4 7
21 7 14 1 2 0 7 5 6 3 4
21 7 14 5 2 1 7 4 6 3 0
21 6 15 2 3 0 6 5 1 4 7
21 7 14 2 1 0 4 7 5 3 6
21 7 14 2 6 1 3 0 5 4 7
21 7 14 0 1 3 7 5 2 6 4
21 7 14 1 6 7 2 5 0 3 4
21 6 15 2 1 0 7 4 5 6 3
21 7 14 5 1 7 2 6 0 3 4
21 7 14 2 1 6 3 4 5 7 0
21 7 14 3 1 7 2 5 0 6 4
21 7 14 0 2 1 3 4 5 6 7
21 7 14 0 3 7 5 2 1 6 4
21 7 14 2 3 7 4 1 5 6 0
21 7 14 2 3 7 5 1 0 6 4
21 7 14 2 0 3 4 5 1 7 6
21 7 14 2 5 3 7 1 6 4 0
21 7 14 2 3 4 0 5 1 7 6
21 7 14 2 5 0 7 1 6 3 4
21 6 15 2 3 7 4 5 0 1 6
21 7 14 1 3 0 2 5 6 4 7
21 7 14 0 3 6 7 2 1 4 5
21 7 14 2 3 6 7 1 0 4 5
21 7 14 4 1 0 7 2 5 3 6
21 7 14 2 3 6 7 1 5 4 0
21 7 14 4 1 0 3 2 5 6 7
21 7 14 2 3 0 7 6 1 4 5
21 7 14 2 3 6 7 1 0 5 4
21 7 14 2 1 3 4 0 5 6 7
21 7 14 4 1 3 7 2 0 5 6
21 7 14 1 3 0 7 2 6 4 5
21 7 14 0 5 3 7 2 1 6 4
21 7 14 1 6 3 2 5 0 4 7
21 7 14 5 0 2 7 1 6 3 4
21 7 14 2 1 3 6 4 5 0 7
21 6 15 0 1 3 7 4 5 6 2
21 7 14 1 6 3 7 2 0 4 5
21 7 14 2 1 0 7 6 4 3 5
21 7 14 5 1 3 2 6 0 4 7
21 7 14 2 1 3 7 6 4 5 0
21 7 14 2 1 0 4 5 6 3 7
21 7 14 2 1 3 5 6 0 4 7
21 7 14 0 1 3 5 2 6 4 7
21 7 14 2 5 1 3 4 0 6 7
21 7 14 5 3 7 2 1 0 6 4
21 7 14 2 0 3 7 1 6 4 5
21 7 14 3 7 0 2 5 1 6 4
21 7 14 2 1 6 3 4 0 5 7
21 7 14 1 3 0 7 5 2 6 4
21 7 14 2 1 7 3 5 0 6 4
21 7 14 2 1 0 3 5 6 7 4
21 7 14 2 3 0 7 5 1 4 6
21 6 15 2 1 7 4 0 6 3 5
21 7 14 2 1 3 4 7 0 5 6
21 7 14 5 3 7 0 1 2 6 4
21 7 14 2 1 7 5 6 0 3 4
21 7 14 2 1 4 0 5 6 7 3
21 7 14 0 1 7 5 2 6 3 4
21 7 14 1 7 0 2 5 6 3 4
21 7 14 1 2 3 7 5 6 4 0
21 7 14 5 1 0 7 2 6 3 4
21 7 14 0 5 3 7 2 1 6 4
21 7 14 2 0 1 4 5 6 7 3
21 7 14 5 2 0 3 4 1 6 7
21 7 14 0 1 3 7 2 4 5 6
21 7 14 2 6 1 0 5 3 4 7
21 7 14 1 3 7 4 2 5 0 6
21 7 14 0 2 3 7 4 1 5 6
21 6 15 2 6 0 7 5 3 1 4
21 7 14 2 1 7 6 4 5 3 0
21 7 14 0 7 2 3 5 1 6 4
21 7 14 5 2 0 7 4 1 3 6
21 7 14 2 1 6 3 7 0 5 4
21 7 14 2 1 3 4 0 5 6 7
21 6 15 7 2 6 3 5 1 0 4
21 7 14 1 0 6 7 2 3 5 4
21 7 14 1 5 3 0 2 6 4 7
21 7 14 5 2 3 4 7 1 6 0
21 6 15 7 2 3 4 5 1 0 6
21 7 14 2 5 1 7 4 0 3 6
21 7 14 0 7 1 3 2 5 6 4
21 6 15 4 2 3 7 5 1 0 6
21 6 15 2 6 0 7 5 3 1 4
21 7 14 2 1 4 7 5 6 3 0
21 6 15 4 2 3 0 5 1 6 7
21 7 14 2 1 4 7 5 0 6 3
21 7 14 0 2 1 7 5 6 4 3
21 7 14 0 2 1 3 7 5 6 4
21 7 14 1 5 3 7 4 2 6 0
21 7 14 1 5 7 0 2 6 3 4
21 7 14 2 1 0 4 5 6 3 7
21 7 14 2 5 1 3 7 0 6 4
21 7 14 5 2 7 0 1 6 3 4
21 7 14 2 1 3 4 5 6 7 0
21 7 14 2 1 3 4 5 0 6 7
21 7 14 5 2 3 0 1 6 4 7
21 7 14 1 0 5 7 2 6 3 4
22 8 14 4 2 3 7 1 5 6 0
22 7 15 7 1 3 6 2 5 0 4
22 7 15 7 2 3 5 0 1 6 4
22 8 14 0 1 7 2 5 6 4 3
22 8 14 0 1 3 4 2 5 6 7
22 8 14 1 6 5 7 2 0 3 4
22 8 14 0 1 5 7 2 6 3 4
22 7 15 7 1 6 3 2 5 4 0
22 8 14 2 1 3 0 5 6 7 4
22 8 14 5 2 0 3 1 6 4 7
22 8 14 2 3 4 0 5 1 6 7
22 8 14 5 2 7 4 1 6 3 0
22 8 14 2 1 4 0 5 6 3 7
22 8 14 2 5 1 3 0 7 6 4
22 8 14 0 2 3 4 5 1 6 7
22 8 14 6 1 0 7 2 5 3 4
22 8 14 1 5 7 4 2 6 3 0
22 8 14 2 0 1 4 5 6 3 7
22 8 14 1 5 3 0 4 2 6 7
22 8 14 1 5 3 7 4 2 0 6
22 8 14 5 3 6 7 2 1 0 4
22 8 14 5 2 1 7 0 6 4 3
22 8 14 0 2 3 4 5 1 6 7
22 8 14 2 1 4 7 0 5 6 3
22 8 14 1 3 7 2 5 0 6 4
22 7 15 2 3 7 6 5 1 4 0
22 7 15 7 2 0 4 5 1 3 6
22 7 15 4 2 0 7 5 1 3 6
22 7 15 4 2 0 3 5 1 6 7
22 7 15 2 6 7 0 5 3 1 4
22 8 14 2 1 4 0 5 6 3 7
22 8 14 2 5 1 7 4 3 0 6
22 8 14 2 5 1 7 0 4 3 6
22 8 14 2 7 1 3 0 5 6 4
22 7 15 7 1 3 2 0 5 6 4
22 8 14 5 2 3 4 7 1 0 6
22 7 15 7 1 2 3 5 0 6 4
22 8 14 1 5 0 3 2 6 4 7
22 7 15 7 2 6 3 5 1 4 0
22 8 14 1 6 0 7 2 3 5 4
22 8 14 0 2 7 4 5 1 6 3
22 7 15 2 3 6 7 4 5 1 0
22 8 14 2 1 6 3 0 7 5 4
22 8 14 2 1 3 4 5 0 6 7
22 8 14 2 0 6 3 7 1 5 4
22 8 14 0 1 3 4 2 5 6 7
22 8 14 5 7 2 3 0 1 6 4
22 8 14 5 2 7 0 4 1 3 6
22 8 14 2 1 0 4 7 5 6 3
22 8 14 4 2 3 7 0 1 5 6
22 7 15 2 6 7 0 5 3 1 4
22 8 14 2 1 4 3 0 6 7 5
22 8 14 2 3 7 0 4 1 5 6
22 8 14 1 3 7 4 2 0 5 6
22 8 14 1 3 0 2 7 5 6 4
22 8 14 5 3 6 7 1 0 2 4
22 8 14 5 1 0 7 6 2 3 4
22 7 15 4 1 3 7 0 5 6 2
22 8 14 1 0 3 7 2 4 5 6
22 8 14 5 1 7 0 2 6 3 4
22 8 14 2 6 1 4 5 0 7 3
22 8 14 5 2 6 3 4 1 0 7
22 8 14 5 0 1 7 2 6 3 4
22 8 14 2 3 6 5 0 1 4 7
22 8 14 1 7 3 2 5 6 0 4
22 8 14 1 7 2 0 5 6 3 4
22 8 14 1 2 3 0 5 6 4 7
22 7 15 0 1 7 4 5 6 3 2
22 7 15 0 3 7 4 5 1 6 2
22 8 14 3 2 1 0 5 6 4 7
22 8 14 1 0 7 5 2 6 3 4
22 8 14 5 2 1 7 6 3 4 0
22 7 15 7 1 3 0 2 6 4 5
22 8 14 2 0 3 4 7 1 5 6
22 8 14 5 3 7 4 1 2 6 0
22 8 14 2 0 7 5 6 1 3 4
22 8 14 1 0 2 7 5 6 3 4
22 8 14 2 1 3 4 0 7 5 6
22 8 14 2 1 4 0 7 5 3 6
22 7 15 2 1 7 4 6 0 3 5
22 7 15 0 1 7 4 2 6 3 5
22 8 14 5 1 3 7 2 6 4 0
22 7 15 2 3 4 6 5 1 0 7
22 8 14 2 1 3 0 5 6 7 4
22 8 14 2 0 3 7 5 1 4 6
22 8 14 2 3 7 0 5 1 4 6
22 8 14 1 3 6 7 5 2 0 4
22 8 14 2 0 1 3 5 6 7 4
22 8 14 2 1 7 3 0 5 6 4
22 8 14 2 3 7 5 4 1 6 0
22 8 14 3 7 2 0 5 1 6 4
22 8 14 1 3 7 0 5 2 6 4
22 8 14 2 0 6 3 4 1 5 7
22 8 14 2 3 0 7 1 6 4 5
22 8 14 3 7 6 2 5 1 0 4
22 8 14 2 5 3 7 4 1 6 0
22 8 14 1 6 7 2 5 3 0 4
22 7 15 2 0 1 7 4 5 6 3
22 8 14 2 5 1 3 4 6 0 7
22 8 14 2 5 1 3 0 4 6 7
22 8 14 2 6 3 7 1 0 4 5
22 8 14 5 3 7 2 1 6 0 4
22 6 16 0 1 3 2 4 5 6 7
22 8 14 2 1 3 5 6 4 0 7
22 8 14 1 0 3 5 2 6 4 7
22 8 14 4 0 1 7 2 5 3 6
22 8 14 2 0 3 5 6 1 4 7
22 8 14 2 0 1 4 5 6 3 7
22 8 14 0 3 7 2 1 5 6 4
22 8 14 1 6 3 7 0 2 4 5
22 8 14 2 1 3 0 6 4 5 7
22 8 14 2 1 7 0 6 4 3 5
22 8 14 5 0 3 2 6 1 4 7
22 8 14 3 1 7 2 5 6 0 4
22 7 15 4 1 3 7 0 5 6 2
22 8 14 1 6 3 7 2 4 0 5
22 7 15 2 1 3 0 7 6 4 5
22 7 15 1 0 3 7 4 5 6 2
22 7 15 7 2 3 0 1 5 6 4
22 8 14 0 2 3 4 5 1 7 6
22 8 14 1 6 3 2 0 5 4 7
22 8 14 5 6 2 7 1 0 3 4
22 8 14 2 1 3 6 4 5 7 0
22 8 14 2 1 3 6 4 0 5 7
22 8 14 0 5 2 7 1 6 3 4
22 8 14 2 1 3 4 5 0 6 7
22 8 14 4 1 3 7 0 2 5 6
22 8 14 1 3 7 0 2 6 4 5
22 8 14 4 0 3 7 2 1 5 6
22 7 15 2 0 7 4 5 3 1 6
22 8 14 4 1 6 3 2 5 0 7
22 8 14 2 3 4 7 6 1 0 5
22 8 14 0 1 3 4 2 5 6 7
22 8 14 2 3 6 7 0 1 5 4
22 8 14 4 0 1 3 2 5 6 7
22 8 14 2 3 7 0 6 1 4 5
22 8 14 0 2 3 7 4 1 6 5
22 8 14 2 3 6 0 1 5 4 7
22 8 14 2 3 6 7 1 4 0 5
22 8 14 4 1 7 0 2 5 3 6
22 8 14 2 3 6 4 5 1 0 7
22 8 14 2 0 6 7 1 3 4 5
22 8 14 2 0 6 7 1 3 5 4
22 8 14 1 3 4 2 5 6 0 7
22 8 14 3 0 6 7 2 1 4 5
22 8 14 2 1 4 0 5 6 3 7
22 8 14 2 0 3 4 5 1 6 7
22 8 14 2 5 7 0 1 6 3 4
22 8 14 1 3 2 0 5 6 4 7
22 7 15 2 3 7 4 0 5 1 6
22 8 14 2 1 7 5 4 6 3 0
22 8 14 2 0 5 7 1 6 3 4
22 8 14 5 1 3 2 7 6 4 0
22 8 14 2 5 3 0 1 6 4 7
22 8 14 2 0 7 5 1 3 6 4
22 8 14 2 1 3 4 5 0 7 6
22 8 14 2 3 7 5 1 6 0 4
22 8 14 1 3 4 7 2 6 0 5
22 8 14 2 3 7 4 1 5 0 6
22 8 14 0 1 3 4 2 5 6 7
22 8 14 4 2 1 3 0 5 6 7
22 8 14 3 0 7 5 2 1 6 4
22 8 14 2 1 0 6 4 5 3 7
22 8 14 6 1 7 2 5 0 3 4
22 8 14 3 1 7 2 0 5 6 4
22 8 14 5 1 7 2 6 3 0 4
22 7 15 2 1 7 0 4 5 6 3
22 8 14 5 0 7 2 6 1 3 4
22 8 14 2 1 7 3 4 5 6 0
22 8 14 2 0 1 7 6 4 3 5
22 8 14 6 1 3 2 5 0 4 7
22 7 15 2 1 6 7 4 5 0 3
22 8 14 1 6 7 2 0 5 3 4
22 8 14 2 1 6 7 4 5 3 0
22 8 14 1 2 3 7 4 5 6 0
22 8 14 1 2 3 7 4 5 6 0
22 8 14 0 6 1 3 2 5 4 7
22 8 14 5 0 7 2 1 3 6 4
22 7 15 4 1 3 2 0 5 6 7
22 7 15 2 0 3 6 5 1 4 7
22 8 14 2 0 1 4 7 5 3 6
22 8 14 5 2 1 0 4 6 3 7
22 8 14 1 2 7 0 5 6 3 4
22 8 14 0 2 3 7 1 6 4 5
22 8 14 2 1 6 3 0 4 5 7
22 8 14 2 0 7 3 5 1 6 4
22 8 14 5 2 1 3 6 0 4 7
22 8 14 0 2 4 3 5 1 6 7
22 8 14 5 2 1 0 7 6 3 4
22 8 14 2 4 0 3 5 1 6 7
22 8 14 0 5 1 7 6 2 3 4
22 8 14 2 3 4 7 5 1 0 6
22 8 14 0 1 4 3 2 5 6 7
22 8 14 5 3 6 7 1 2 4 0
22 8 14 2 1 7 5 6 3 0 4
22 8 14 5 0 1 7 2 6 3 4
22 8 14 5 3 6 2 0 1 4 7
22 8 14 0 2 3 5 4 1 6 7
22 8 14 3 0 6 2 5 1 4 7
22 8 14 5 3 6 7 2 1 0 4
22 7 15 3 0 6 7 2 5 1 4
22 7 15 2 6 1 3 5 4 0 7
22 8 14 1 5 3 2 7 0 6 4
22 8 14 5 3 7 0 2 1 6 4
22 7 15 1 3 0 7 5 6 4 2
22 7 15 5 1 3 7 6 0 4 2
22 8 14 2 1 3 7 6 4 5 0
22 7 15 2 3 7 4 1 0 6 5
22 7 15 1 6 3 7 5 0 4 2
22 8 14 0 2 1 4 5 6 7 3
22 7 15 0 3 7 4 2 1 6 5
22 8 14 6 0 1 7 5 2 3 4
22 8 14 2 3 5 7 4 1 0 6
22 8 14 0 1 7 4 2 5 6 3
22 8 14 1 3 7 2 0 5 6 4
22 8 14 6 2 1 7 0 5 3 4
22 8 14 6 2 1 7 5 3 0 4
22 8 14 1 3 0 6 2 5 4 7
22 7 15 2 1 3 6 7 5 0 4
22 8 14 2 6 1 7 0 3 4 5
22 8 14 2 7 0 4 5 1 6 3
22 8 14 1 3 7 6 2 5 0 4
22 7 15 0 3 7 1 2 5 6 4
22 8 14 2 1 6 0 7 5 4 3
22 8 14 5 0 2 3 7 1 6 4
22 8 14 1 3 0 4 2 5 7 6
22 7 15 7 2 1 4 5 6 3 0
22 8 14 5 2 6 3 7 1 0 4
22 7 15 5 2 3 7 4 0 1 6
22 7 15 2 3 0 6 5 1 7 4
22 8 14 2 6 1 7 0 5 4 3
22 8 14 2 3 6 0 5 1 7 4
22 8 14 2 6 1 0 7 5 3 4
22 8 14 6 5 1 7 2 0 3 4
22 8 14 5 3 7 0 2 1 6 4
22 8 14 2 0 1 7 6 5 3 4
22 8 14 4 2 1 7 0 5 3 6
22 8 14 0 3 6 7 1 2 5 4
22 7 15 4 2 1 7 5 6 3 0
22 7 15 7 1 0 4 2 5 3 6
22 7 15 7 1 3 4 2 0 5 6
22 7 15 0 3 6 7 5 1 4 2
22 8 14 0 2 3 7 4 1 6 5
22 8 14 5 1 3 0 2 6 4 7
22 8 14 2 3 7 0 5 1 4 6
22 7 15 7 1 6 3 2 0 5 4
22 7 15 7 5 1 3 2 0 6 4
22 7 15 7 1 3 2 0 5 6 4
22 8 14 4 2 3 7 1 0 6 5
22 8 14 0 1 6 7 2 3 5 4
22 8 14 2 0 3 4 5 1 6 7
22 7 15 5 2 6 7 0 3 1 4
22 8 14 2 3 6 4 5 1 0 7
22 8 14 2 5 1 3 7 6 0 4
22 8 14 2 6 1 0 4 5 3 7
22 8 14 2 0 4 7 5 1 6 3
22 8 14 1 5 3 0 7 2 6 4
22 8 14 1 0 3 7 5 2 6 4
22 8 14 5 1 3 7 4 2 6 0
23 8 15 7 1 0 6 2 5 3 4
23 9 14 4 2 3 7 1 5 0 6
23 8 15 7 1 3 6 2 0 5 4
23 9 14 5 1 3 0 7 2 6 4
23 9 14 4 2 3 0 1 5 6 7
23 9 14 4 5 3 7 1 2 6 0
23 8 15 2 6 1 7 5 4 0 3
23 9 14 0 2 3 5 1 6 4 7
23 8 15 7 1 3 6 2 5 4 0
23 7 16 7 1 3 4 0 5 6 2
23 9 14 0 2 7 5 1 6 3 4
23 9 14 1 6 5 7 0 2 3 4
23 8 15 7 6 1 0 2 5 3 4
23 9 14 5 2 4 3 1 6 0 7
23 8 15 0 1 3 4 7 5 6 2
23 9 14 5 6 1 7 2 0 3 4
23 9 14 2 1 7 3 0 6 4 5
23 9 14 1 5 0 7 2 6 4 3
23 8 15 7 2 1 3 0 5 6 4
23 9 14 3 2 1 0 7 5 6 4
23 9 14 0 2 1 4 5 6 3 7
23 9 14 5 1 3 7 4 2 0 6
23 8 15 4 1 7 2 5 6 3 0
23 9 14 1 5 3 4 7 2 6 0
23 9 14 5 1 3 0 4 2 6 7
23 9 14 0 2 4 7 5 1 6 3
23 9 14 1 5 0 3 7 2 6 4
23 8 15 5 2 0 7 4 1 6 3
23 9 14 2 5 1 3 7 6 4 0
23 9 14 2 4 0 7 5 1 6 3
23 9 14 1 3 6 7 4 2 5 0
23 9 14 4 2 3 5 0 1 6 7
23 9 14 2 3 6 4 5 1 7 0
23 8 15 7 2 3 5 1 0 6 4
23 8 15 4 0 2 7 5 1 3 6
23 9 14 3 7 1 0 2 5 6 4
23 8 15 7 0 6 3 2 1 5 4
23 9 14 4 2 3 7 1 6 0 5
23 8 15 5 2 6 7 3 0 1 4
23 9 14 4 0 3 7 1 2 6 5
23 9 14 2 1 6 7 0 3 5 4
23 8 15 7 1 6 3 0 2 5 4
23 8 15 7 5 1 3 0 2 6 4
23 8 15 7 1 3 2 5 0 6 4
23 8 15 7 5 1 3 2 6 0 4
23 9 14 1 0 7 2 5 3 6 4
23 9 14 2 0 3 7 4 1 6 5
23 9 14 5 1 0 3 2 6 4 7
23 9 14 1 3 0 7 2 5 4 6
23 8 15 5 3 6 7 0 1 4 2
23 8 15 7 1 4 0 2 5 3 6
23 8 15 3 0 6 7 5 1 4 2
23 8 15 7 0 3 4 2 1 5 6
23 9 14 5 2 3 4 0 1 6 7
23 7 16 7 2 3 4 5 0 1 6
23 8 15 4 0 2 3 5 1 6 7
23 9 14 4 2 1 7 0 6 3 5
23 8 15 7 0 1 4 2 5 3 6
23 8 15 4 2 1 7 5 6 0 3
23 8 15 4 2 1 0 5 6 3 7
23 9 14 2 1 7 4 0 5 3 6
23 9 14 3 0 6 7 1 2 5 4
23 9 14 0 2 1 7 6 5 3 4
23 9 14 5 1 3 2 7 0 6 4
23 9 14 2 6 1 4 7 5 3 0
23 9 14 5 3 7 4 2 1 6 0
23 9 14 2 1 0 7 6 5 3 4
23 9 14 2 5 1 7 6 0 3 4
23 9 14 6 5 1 7 2 3 0 4
23 9 14 2 3 6 4 5 1 7 0
23 9 14 2 1 4 7 0 6 3 5
23 7 16 7 2 6 3 5 0 1 4
23 8 15 7 1 2 3 5 6 0 4
23 8 15 2 0 3 6 5 1 7 4
23 9 14 0 6 1 7 2 5 4 3
23 9 14 1 5 4 3 2 6 0 7
23 8 15 1 3 7 4 0 5 6 2
23 9 14 5 2 6 3 7 1 4 0
23 8 15 5 0 3 7 4 2 1 6
23 9 14 2 1 4 0 7 5 6 3
23 9 14 2 3 7 0 4 1 6 5
23 9 14 1 6 7 0 2 3 5 4
23 9 14 1 3 4 0 2 5 7 6
23 8 15 7 2 1 4 5 6 0 3
23 9 14 0 5 2 3 7 1 6 4
23 9 14 1 0 3 4 2 5 7 6
23 8 15 6 1 3 7 5 0 4 2
23 8 15 0 1 3 4 7 5 6 2
23 9 14 3 7 2 0 5 1 6 4
23 8 15 2 1 7 6 4 5 0 3
23 8 15 2 0 6 7 3 5 1 4
23 9 14 2 7 4 0 5 1 6 3
23 9 14 1 3 7 6 2 5 4 0
23 8 15 2 3 7 1 0 5 6 4
23 8 15 3 0 7 1 2 5 6 4
23 9 14 1 3 7 6 2 0 5 4
23 9 14 1 3 0 6 2 5 7 4
23 9 14 2 0 3 4 5 1 6 7
23 9 14 2 7 6 4 5 1 0 3
23 8 15 2 1 3 6 7 5 4 0
23 9 14 0 6 1 7 2 3 4 5
23 9 14 2 6 1 7 3 0 4 5
23 9 14 0 2 6 3 7 1 5 4
23 9 14 6 2 1 7 5 3 4 0
23 9 14 1 3 4 6 2 5 0 7
23 8 15 2 1 0 6 7 5 3 4
23 8 15 2 1 3 6 7 0 5 4
23 9 14 1 0 3 6 2 5 4 7
23 8 15 4 3 7 2 5 1 6 0
23 9 14 0 2 1 7 6 5 3 4
23 9 14 4 1 3 6 2 5 0 7
23 9 14 0 6 1 2 5 3 4 7
23 9 14 5 2 3 6 4 1 0 7
23 9 14 2 6 1 3 7 5 4 0
23 9 14 1 7 2 4 5 6 3 0
23 9 14 4 3 7 0 2 1 6 5
23 9 14 1 0 7 4 2 5 6 3
23 9 14 0 6 1 7 5 2 3 4
23 9 14 2 3 5 7 4 1 6 0
23 8 15 3 0 7 4 2 1 6 5
23 9 14 1 3 7 4 0 2 5 6
23 9 14 5 0 6 7 1 3 2 4
23 9 14 5 2 1 4 0 6 7 3
23 8 15 2 3 7 4 1 6 0 5
23 8 15 1 6 3 7 0 5 4 2
23 9 14 1 5 3 2 7 6 0 4
23 8 15 1 3 4 7 5 6 0 2
23 8 15 5 0 3 7 6 1 4 2
23 9 14 5 3 7 4 2 1 6 0
23 8 15 1 3 7 0 5 6 4 2
23 9 14 1 2 3 7 0 6 4 5
23 9 14 2 1 7 3 0 6 4 5
23 9 14 3 6 0 2 5 1 4 7
23 8 15 3 6 0 7 2 5 1 4
23 9 14 1 5 3 2 0 7 6 4
23 8 15 2 6 1 3 5 4 7 0
23 9 14 5 3 6 7 2 1 4 0
23 8 15 3 5 6 7 2 0 1 4
23 9 14 1 4 3 7 2 0 5 6
23 9 14 4 2 3 5 0 1 6 7
23 9 14 3 1 6 2 5 0 4 7
23 9 14 1 7 3 2 5 6 4 0
23 9 14 2 0 3 5 4 1 6 7
23 9 14 5 1 7 0 2 6 3 4
23 9 14 2 6 1 4 5 7 0 3
23 9 14 2 1 7 5 6 3 4 0
23 9 14 5 3 6 2 1 0 4 7
23 9 14 5 6 1 7 2 0 3 4
23 9 14 0 1 4 2 5 6 7 3
23 9 14 5 3 6 0 1 2 4 7
23 9 14 2 1 0 5 6 3 7 4
23 9 14 0 5 1 7 2 6 3 4
23 9 14 2 0 7 5 1 6 3 4
23 9 14 6 2 1 3 5 0 4 7
23 9 14 0 3 7 5 1 2 6 4
23 9 14 2 3 4 7 5 1 6 0
23 9 14 1 0 4 3 2 5 6 7
23 9 14 5 2 1 4 7 6 3 0
23 9 14 2 4 6 3 5 1 0 7
23 9 14 6 5 1 7 0 2 3 4
23 9 14 5 2 1 3 7 6 4 0
23 9 14 2 1 7 0 4 6 3 5
23 9 14 1 7 0 5 2 6 3 4
23 9 14 5 2 1 3 6 4 0 7
23 9 14 5 2 4 3 0 1 6 7
23 9 14 2 7 0 3 5 1 6 4
23 9 14 5 0 1 3 6 2 4 7
23 9 14 0 2 7 5 6 1 3 4
23 9 14 0 1 2 7 5 6 3 4
23 9 14 0 1 6 3 2 4 5 7
23 9 14 1 2 7 4 5 6 3 0
23 9 14 1 2 3 7 0 6 4 5
23 9 14 0 2 3 7 5 1 4 6
23 9 14 0 2 1 3 5 6 7 4
23 8 15 0 2 3 6 5 1 4 7
23 9 14 2 5 1 4 7 0 3 6
23 9 14 1 3 6 7 5 0 2 4
23 8 15 2 1 3 6 5 0 4 7
23 9 14 0 5 7 2 1 3 6 4
23 8 15 4 1 3 2 5 0 6 7
23 9 14 4 5 3 7 1 2 6 0
23 8 15 2 6 0 1 5 3 4 7
23 9 14 1 3 7 4 5 2 6 0
23 9 14 5 3 7 2 1 6 4 0
23 9 14 1 2 3 7 4 5 0 6
23 9 14 6 0 1 3 2 5 4 7
23 9 14 2 0 7 5 3 1 6 4
23 9 14 5 1 3 0 2 6 4 7
23 9 14 1 2 3 0 4 5 6 7
23 9 14 1 2 3 7 4 5 0 6
23 9 14 0 2 6 3 4 1 5 7
23 9 14 2 1 6 0 4 5 3 7
23 9 14 1 2 3 0 4 5 6 7
23 8 15 0 2 1 7 4 5 6 3
23 9 14 6 0 3 2 5 1 4 7
23 9 14 0 6 7 2 1 5 3 4
23 8 15 2 1 6 7 4 0 5 3
23 9 14 2 3 4 7 1 6 0 5
23 8 15 5 1 3 2 6 4 0 7
23 9 14 0 5 7 2 6 1 3 4
23 9 14 2 1 7 3 4 5 0 6
23 9 14 6 1 3 2 0 5 4 7
23 9 14 2 4 1 7 6 0 3 5
23 9 14 5 7 0 2 6 1 3 4
23 9 14 0 4 1 7 2 5 3 6
23 9 14 2 1 0 5 6 4 3 7
23 9 14 1 3 0 5 2 6 4 7
23 9 14 2 3 7 6 1 5 0 4
23 9 14 5 1 0 2 6 3 7 4
23 9 14 0 2 3 5 6 1 4 7
23 9 14 0 2 1 4 5 6 3 7
23 9 14 6 1 7 2 5 3 0 4
23 9 14 2 0 1 6 4 5 3 7
23 9 14 6 0 7 2 5 1 3 4
23 9 14 6 1 7 2 0 5 3 4
23 9 14 3 7 0 5 2 1 6 4
23 9 14 3 1 7 5 2 0 6 4
23 9 14 2 1 6 0 4 5 3 7
23 9 14 3 1 7 2 5 6 4 0
23 9 14 2 0 6 7 3 1 4 5
23 9 14 2 0 3 5 1 6 4 7
23 9 14 2 1 3 4 5 7 0 6
23 9 14 1 3 4 7 2 0 6 5
23 9 14 1 0 3 4 2 5 6 7
23 9 14 2 3 7 4 1 0 5 6
23 9 14 2 3 0 5 1 6 7 4
23 9 14 1 3 4 7 2 6 5 0
23 9 14 0 4 1 3 2 5 6 7
23 9 14 2 7 0 5 1 3 6 4
23 9 14 2 1 3 4 0 5 7 6
23 9 14 5 6 2 7 1 3 0 4
23 9 14 0 2 5 7 1 6 3 4
23 9 14 5 1 3 2 7 6 0 4
23 9 14 2 5 0 3 1 6 4 7
23 9 14 2 1 7 0 4 6 3 5
23 9 14 2 6 5 7 1 0 3 4
23 9 14 2 5 3 0 7 1 6 4
23 9 14 2 5 7 4 1 6 3 0
23 8 15 0 3 7 4 2 5 1 6
23 9 14 1 3 2 7 5 6 4 0
23 8 15 0 2 7 4 5 3 1 6
23 9 14 0 2 6 7 1 3 4 5
23 9 14 1 3 4 2 5 0 6 7
23 9 14 3 1 6 7 2 0 4 5
23 9 14 2 6 0 7 1 3 5 4
23 9 14 1 3 4 2 5 6 7 0
23 9 14 4 1 7 6 2 5 3 0
23 9 14 2 3 6 4 5 1 7 0
23 9 14 2 6 0 7 1 3 4 5
23 8 15 4 1 0 7 2 5 6 3
23 9 14 5 1 3 0 2 6 4 7
23 9 14 2 3 6 7 1 4 5 0
23 9 14 2 3 0 6 1 5 4 7
23 9 14 2 3 0 7 1 4 6 5
23 9 14 2 0 3 7 4 1 6 5
23 8 15 6 1 3 7 2 0 4 5
23 9 14 2 3 7 5 6 1 4 0
23 9 14 3 6 0 7 2 1 4 5
23 9 14 4 5 1 3 2 0 6 7
23 9 14 0 3 6 7 2 1 5 4
23 9 14 0 2 6 7 1 3 5 4
23 9 14 4 1 6 3 2 5 7 0
23 9 14 1 0 3 4 2 5 6 7
23 9 14 2 3 4 7 6 1 5 0
23 9 14 0 3 4 2 5 1 7 6
23 9 14 0 4 3 7 2 1 5 6
23 9 14 4 1 6 3 2 0 5 7
23 8 15 2 7 0 4 5 3 1 6
23 8 15 2 3 4 6 5 1 7 0
23 9 14 4 3 0 7 2 1 5 6
23 8 15 1 6 3 2 5 4 0 7
23 9 14 1 3 7 5 2 6 4 0
23 9 14 0 1 3 7 4 2 5 6
23 9 14 2 0 3 4 5 1 6 7
23 9 14 2 1 3 6 0 4 5 7
23 9 14 1 5 2 7 0 6 3 4
23 9 14 2 0 3 6 4 1 5 7
23 9 14 2 1 3 0 4 5 7 6
23 9 14 5 3 7 0 2 1 6 4
23 9 14 0 6 3 2 1 5 4 7
23 9 14 5 6 2 7 0 1 3 4
23 9 14 2 3 7 5 1 6 4 0
23 8 15 7 2 3 4 1 5 6 0
23 9 14 5 2 3 4 0 1 7 6
23 9 14 2 7 1 4 5 3 0 6
23 8 15 1 5 3 7 4 0 6 2
23 8 15 1 3 0 7 4 5 6 2
23 8 15 7 2 0 3 1 5 6 4
23 9 14 1 6 0 7 2 4 3 5
23 8 15 2 1 0 3 7 6 4 5
23 9 14 0 2 7 5 1 3 6 4
23 9 14 3 2 1 0 4 5 6 7
23 9 14 1 6 3 7 2 4 5 0
23 9 14 2 1 6 3 0 5 7 4
23 9 14 5 3 0 2 6 1 4 7
23 9 14 3 1 0 2 5 6 7 4
23 9 14 2 3 0 4 1 5 7 6
23 9 14 5 1 7 2 6 3 4 0
23 9 14 0 5 3 2 6 1 4 7
23 9 14 2 1 7 5 6 4 3 0
23 8 15 2 1 6 0 4 5 7 3
23 9 14 2 1 0 3 6 4 5 7
23 9 14 3 0 7 2 1 5 6 4
23 9 14 0 6 3 7 1 2 4 5
23 9 14 1 3 7 2 0 5 6 4
23 9 14 2 6 1 4 5 0 3 7
23 9 14 2 3 0 5 6 1 4 7
23 9 14 4 5 1 7 2 0 3 6
23 9 14 2 1 3 5 6 4 7 0
23 9 14 1 6 3 5 2 0 4 7
23 9 14 0 2 1 7 6 4 3 5
23 9 14 1 2 3 0 7 5 6 4
23 9 14 2 6 3 7 1 4 0 5
23 7 16 1 0 3 2 4 5 6 7
23 9 14 5 3 0 2 1 6 7 4
23 9 14 2 6 3 7 0 1 4 5
23 9 14 5 3 7 0 2 1 6 4
23 9 14 0 5 1 3 2 4 6 7
23 9 14 1 6 7 2 5 3 4 0
23 9 14 2 5 1 3 4 6 7 0
23 8 15 2 5 1 7 4 0 6 3
23 9 14 2 5 3 7 4 1 0 6
23 9 14 1 6 0 2 5 3 7 4
23 9 14 3 7 6 2 5 1 4 0
23 9 14 2 5 3 0 4 1 6 7
23 8 15 5 2 1 7 4 6 0 3
23 9 14 2 3 7 0 1 6 4 5
23 9 14 5 7 0 2 1 3 6 4
23 9 14 2 6 0 3 4 1 5 7
23 9 14 3 7 2 4 5 1 6 0
23 9 14 5 1 7 0 2 6 3 4
23 8 15 5 2 0 7 6 3 1 4
23 9 14 2 3 7 5 4 1 0 6
23 9 14 5 0 7 2 1 6 3 4
23 9 14 2 3 7 0 4 1 6 5
23 9 14 0 1 7 3 2 5 6 4
23 9 14 0 2 1 4 7 5 3 6
23 9 14 0 1 4 2 5 6 7 3
23 9 14 2 6 1 3 5 0 7 4
23 9 14 1 3 6 7 5 2 4 0
23 9 14 2 1 4 3 7 5 6 0
23 9 14 2 1 3 7 5 0 4 6
23 9 14 0 2 7 3 5 1 6 4
23 8 15 2 3 4 6 5 1 7 0
23 9 14 1 2 3 0 7 5 6 4
23 9 14 4 1 7 0 2 6 3 5
23 9 14 5 1 3 0 2 6 4 7
23 8 15 2 1 7 4 6 3 0 5
23 8 15 1 0 7 4 2 6 3 5
23 9 14 2 1 7 4 6 3 5 0
23 8 15 2 0 7 4 6 1 3 5
23 9 14 2 4 3 0 5 1 6 7
23 9 14 0 1 3 4 2 7 5 6
23 9 14 1 6 2 7 5 0 3 4
23 8 15 7 1 3 2 5 6 4 0
23 9 14 2 7 0 5 6 1 3 4
23 9 14 0 2 3 4 7 1 5 6
23 9 14 5 3 7 4 1 2 0 6
23 9 14 2 1 3 6 0 5 4 7
23 9 14 2 3 0 4 7 1 5 6
23 9 14 5 2 3 6 0 1 4 7
23 8 15 7 1 3 5 2 6 4 0
23 8 15 7 1 0 3 2 6 4 5
23 9 14 5 2 1 0 6 3 4 7
23 9 14 0 5 1 7 2 6 3 4
23 9 14 1 6 7 5 2 0 3 4
23 9 14 3 2 1 7 5 6 4 0
23 7 16 7 1 3 0 5 6 4 2
23 8 15 3 0 7 4 5 1 6 2
23 8 15 5 3 7 4 0 1 6 2
23 8 15 2 0 7 4 1 3 6 5
23 8 15 5 1 7 4 0 6 3 2
23 9 14 6 5 1 7 0 2 3 4
23 9 14 2 0 3 7 1 4 5 6
23 8 15 1 0 7 4 5 6 3 2
23 9 14 5 0 3 2 1 6 4 7
23 9 14 1 2 0 3 5 6 4 7
23 9 14 2 1 0 3 5 6 7 4
23 9 14 1 7 3 2 5 0 6 4
23 9 14 0 3 6 5 2 1 4 7
23 8 15 5 1 3 7 6 4 0 2
23 9 14 1 3 0 4 2 5 6 7
23 9 14 5 1 3 7 6 4 2 0
23 9 14 2 3 6 5 1 0 4 7
23 9 14 5 6 1 7 2 0 3 4
23 9 14 5 1 7 4 2 6 3 0
23 9 14 5 2 6 3 4 1 7 0
23 9 14 2 6 1 4 0 5 7 3
23 7 16 7 2 3 6 5 1 0 4
23 9 14 1 3 0 7 2 4 5 6
23 9 14 5 1 3 7 6 2 0 4
23 9 14 1 3 2 0 7 5 6 4
23 9 14 5 1 7 0 6 2 3 4
23 9 14 5 3 6 7 0 1 2 4
23 9 14 1 0 7 4 2 3 5 6
23 9 14 1 3 6 2 7 5 0 4
23 9 14 3 5 6 7 2 1 0 4
23 9 14 6 1 0 7 5 2 3 4
23 9 14 3 6 1 7 2 5 0 4
23 9 14 2 1 4 3 6 0 7 5
23 9 14 2 3 7 6 4 1 5 0
23 9 14 0 1 4 3 2 6 7 5
23 9 14 1 3 7 2 5 6 4 0
23 8 15 5 0 2 3 4 1 6 7
23 8 15 2 6 7 4 5 3 1 0
23 9 14 2 1 7 6 0 5 3 4
23 9 14 1 3 4 7 5 6 2 0
23 9 14 4 2 3 7 1 0 5 6
23 9 14 2 3 7 4 1 6 5 0
23 9 14 2 1 6 4 7 5 0 3
23 9 14 2 0 1 4 7 5 6 3
23 9 14 2 1 7 3 4 5 0 6
23 9 14 5 2 7 6 4 1 3 0
23 7 16 7 2 0 1 5 6 3 4
23 9 14 5 7 2 3 1 0 6 4
23 7 16 2 3 7 6 5 0 1 4
23 9 14 1 0 3 4 2 5 6 7
23 8 15 2 3 7 6 0 5 1 4
23 9 14 2 6 0 3 7 1 5 4
23 8 15 2 3 6 0 7 5 1 4
23 9 14 0 1 6 3 2 7 5 4
23 8 15 2 3 6 0 4 5 1 7
23 9 14 5 1 2 3 7 0 6 4
23 9 14 2 1 6 0 7 5 3 4
23 8 15 1 5 3 7 0 6 4 2
23 9 14 1 6 5 7 2 3 0 4
23 9 14 5 2 7 4 0 1 6 3
23 8 15 7 2 6 0 5 1 4 3
23 9 14 1 0 5 3 2 6 4 7
23 8 15 5 2 3 7 0 4 1 6
23 9 14 2 1 3 0 7 5 4 6
23 9 14 5 2 0 4 7 1 3 6
23 8 15 7 1 2 3 0 5 6 4
23 9 14 5 2 3 4 0 1 6 7
23 9 14 0 1 2 3 7 5 6 4
23 9 14 2 7 1 3 5 0 6 4
23 8 15 7 1 3 2 5 0 6 4
23 9 14 2 5 1 7 4 3 6 0
23 9 14 0 5 1 7 2 4 3 6
23 8 15 6 2 3 7 0 1 4 5
23 8 15 2 6 7 4 5 3 1 0
23 8 15 5 0 2 7 4 1 3 6
23 7 16 7 2 3 4 0 1 6 5
23 8 15 7 0 2 4 5 1 3 6
23 8 15 0 2 3 4 7 1 6 5
23 9 14 0 7 2 4 5 1 3 6
23 8 15 4 2 6 3 5 1 0 7
23 8 15 4 2 7 0 5 1 3 6
23 9 14 2 3 7 6 0 1 4 5
23 8 15 7 2 4 0 5 1 3 6
23 9 14 1 3 7 2 0 5 6 4
23 9 14 1 3 7 2 5 6 0 4
23 9 14 0 1 4 7 2 5 6 3
23 8 15 7 2 0 4 5 1 6 3
23 9 14 5 2 3 4 0 1 6 7
23 9 14 2 0 3 4 5 1 6 7
23 9 14 1 5 3 7 4 0 2 6
23 9 14 5 2 1 7 6 0 4 3
23 9 14 5 3 6 7 2 1 4 0
23 9 14 1 5 0 7 4 2 3 6
23 8 15 7 1 3 4 0 2 5 6
23 9 14 1 5 0 3 4 2 6 7
23 9 14 0 1 3 4 7 2 5 6
23 9 14 0 2 3 7 1 6 4 5
23 7 16 4 2 3 7 5 0 1 6
23 9 14 2 6 1 4 5 0 3 7
23 8 15 4 2 3 7 0 5 1 6
23 9 14 6 1 3 7 2 5 0 4
23 9 14 0 7 1 4 2 5 3 6
23 9 14 1 5 7 4 2 6 0 3
23 9 14 0 4 2 3 5 1 6 7
23 8 15 4 2 0 7 5 1 6 3
23 9 14 5 2 3 4 0 1 6 7
23 9 14 6 1 7 0 2 5 3 4
23 9 14 0 7 3 4 2 1 5 6
23 9 14 4 6 1 7 2 5 3 0
23 9 14 2 0 3 4 5 1 6 7
23 9 14 2 1 6 3 0 5 4 7
23 9 14 0 5 1 3 2 7 6 4
23 8 15 2 6 1 7 4 5 0 3
23 8 15 1 3 6 7 0 5 4 2
23 9 14 5 2 7 4 1 6 0 3
23 9 14 0 5 1 3 7 2 6 4
23 8 15 7 5 3 0 1 2 6 4
23 9 14 2 3 4 7 5 1 6 0
23 9 14 0 1 6 3 7 2 5 4
23 8 15 7 5 3 0 1 2 6 4
23 9 14 5 0 2 3 1 6 4 7
23 9 14 0 4 2 7 5 1 3 6
23 9 14 5 2 6 7 3 1 0 4
23 9 14 0 7 6 3 2 1 5 4
23 8 15 7 1 0 4 2 5 6 3
23 8 15 7 1 6 0 2 5 4 3
23 9 14 5 2 0 7 1 6 4 3
23 9 14 1 6 5 7 2 3 0 4
23 9 14 2 1 5 7 0 6 3 4
23 9 14 5 1 7 2 0 6 4 3
23 9 14 1 0 3 4 2 5 6 7
23 9 14 1 0 7 2 5 6 4 3
24 9 15 2 0 3 6 7 1 5 4
24 10 14 1 5 7 0 2 6 4 3
24 10 14 1 5 4 7 2 6 0 3
24 9 15 7 2 1 3 5 0 6 4
24 10 14 0 1 7 3 2 6 4 5
24 10 14 2 1 7 3 6 0 4 5
24 9 15 5 0 3 7 1 6 4 2
24 10 14 0 1 6 3 2 5 4 7
24 9 15 7 1 3 6 0 2 5 4
24 10 14 4 5 3 7 1 2 0 6
24 10 14 5 6 1 7 2 3 0 4
24 9 15 7 6 1 4 2 5 3 0
24 9 15 1 0 3 4 7 5 6 2
24 10 14 5 2 4 3 1 6 7 0
24 9 15 2 1 3 4 0 6 7 5
24 10 14 4 2 0 7 1 5 3 6
24 9 15 7 2 3 5 4 1 6 0
24 10 14 2 0 7 5 1 6 3 4
24 10 14 0 6 5 7 1 2 3 4
24 10 14 5 2 7 3 1 6 0 4
24 10 14 1 2 7 5 0 6 3 4
24 8 16 7 1 3 4 5 0 6 2
24 10 14 1 5 7 2 0 6 3 4
24 9 15 7 1 3 0 2 5 4 6
24 10 14 1 5 7 3 2 6 0 4
24 9 15 2 6 1 7 5 4 3 0
24 10 14 2 0 3 5 1 6 4 7
24 10 14 1 2 3 5 0 6 4 7
24 9 15 0 5 7 1 2 6 3 4
24 10 14 4 5 3 0 1 2 6 7
24 9 15 5 1 3 7 0 6 4 2
24 10 14 5 1 3 4 7 2 6 0
24 10 14 4 2 0 3 1 5 6 7
24 10 14 5 2 1 3 7 0 6 4
24 10 14 5 1 0 3 7 2 6 4
24 9 15 7 0 1 6 2 5 3 4
24 9 15 7 0 3 6 2 1 5 4
24 10 14 5 2 4 3 1 0 6 7
24 10 14 4 2 3 7 1 0 5 6
24 10 14 1 5 6 3 7 2 0 4
24 9 15 7 1 6 0 2 5 3 4
24 10 14 6 2 1 7 5 0 4 3
24 9 15 2 6 0 1 4 5 3 7
24 10 14 0 7 1 6 2 5 3 4
24 10 14 0 7 3 6 2 1 5 4
24 9 15 2 5 0 3 7 6 1 4
24 9 15 4 2 3 6 5 1 0 7
24 10 14 5 6 1 7 0 2 3 4
24 10 14 4 0 3 7 2 1 6 5
24 10 14 3 7 1 4 2 5 6 0
24 10 14 4 2 0 7 1 6 3 5
24 10 14 2 3 0 7 4 1 6 5
24 10 14 0 3 7 2 5 1 4 6
24 10 14 0 4 3 7 1 2 6 5
24 10 14 5 7 1 3 2 0 6 4
24 9 15 4 1 3 2 7 5 6 0
24 10 14 5 1 0 7 2 6 4 3
24 9 15 7 5 1 3 2 6 4 0
24 10 14 0 1 4 7 2 5 3 6
24 9 15 3 6 0 7 5 1 4 2
24 8 16 7 2 6 0 5 3 1 4
24 10 14 5 0 3 2 7 1 6 4
24 8 16 0 1 7 2 4 5 3 6
24 9 15 7 3 0 4 2 1 5 6
24 8 16 7 0 3 4 5 2 1 6
24 9 15 4 2 1 7 5 0 3 6
24 9 15 4 1 7 2 0 5 3 6
24 10 14 4 2 1 7 6 5 3 0
24 9 15 0 7 3 4 5 2 1 6
24 9 15 7 5 1 4 2 0 3 6
24 10 14 1 5 3 2 0 6 4 7
24 10 14 5 1 7 2 6 0 4 3
24 10 14 1 7 0 2 5 6 4 3
24 10 14 1 5 3 4 2 0 6 7
24 10 14 1 6 7 2 5 0 4 3
24 10 14 5 0 2 7 1 6 4 3
24 10 14 1 6 5 7 2 3 4 0
24 10 14 2 1 5 7 6 0 3 4
24 9 15 7 2 3 0 6 1 4 5
24 10 14 0 6 1 2 7 5 3 4
24 10 14 5 2 7 0 1 6 4 3
24 10 14 5 2 4 7 1 6 0 3
24 10 14 0 1 6 7 2 5 4 3
24 9 15 0 5 3 1 2 6 4 7
24 9 15 2 6 0 1 7 5 3 4
24 9 15 7 0 1 4 2 5 6 3
24 9 15 7 1 6 4 2 5 0 3
24 10 14 5 2 1 4 0 6 3 7
24 10 14 0 3 6 2 5 1 7 4
24 10 14 0 7 1 4 2 5 6 3
24 10 14 2 6 1 7 3 5 4 0
24 9 15 7 1 2 3 5 6 4 0
24 10 14 5 2 0 7 3 1 6 4
24 10 14 5 2 6 7 3 1 4 0
24 10 14 2 7 6 3 0 1 5 4
24 9 15 7 2 1 0 4 5 3 6
24 10 14 5 6 2 3 1 0 4 7
24 10 14 5 4 2 7 0 1 3 6
24 9 15 7 5 3 4 1 2 6 0
24 10 14 0 5 2 3 1 6 4 7
24 10 14 6 5 1 7 2 3 4 0
24 10 14 1 0 6 3 7 2 5 4
24 9 15 7 5 0 3 1 2 6 4
24 9 15 5 2 6 3 7 0 1 4
24 9 15 7 5 3 4 1 2 6 0
24 10 14 0 2 1 4 5 6 3 7
24 9 15 7 5 0 3 1 2 6 4
24 10 14 1 5 4 3 2 0 6 7
24 10 14 1 6 7 4 2 3 5 0
24 10 14 5 2 0 4 1 6 7 3
24 10 14 5 2 7 4 1 0 6 3
24 10 14 5 0 1 3 7 2 6 4
24 10 14 5 0 1 3 2 7 6 4
24 9 15 0 3 6 7 1 5 4 2
24 9 15 1 3 6 7 5 0 4 2
24 9 15 2 6 1 7 4 0 5 3
24 10 14 0 1 6 2 7 5 4 3
24 9 15 5 3 0 7 4 2 1 6
24 10 14 0 1 6 3 2 5 4 7
24 10 14 2 1 6 3 5 0 4 7
24 9 15 2 1 0 6 7 5 4 3
24 10 14 4 6 1 0 2 5 3 7
24 9 15 7 0 3 5 1 2 6 4
24 10 14 0 1 3 4 2 5 7 6
24 9 15 3 7 0 1 2 5 6 4
24 9 15 4 0 2 7 5 1 6 3
24 10 14 6 1 7 4 2 5 3 0
24 10 14 2 7 3 4 0 1 5 6
24 10 14 5 2 3 4 1 0 6 7
24 10 14 2 0 7 4 1 5 6 3
24 9 15 4 2 7 0 5 1 6 3
24 9 15 4 2 6 7 5 1 0 3
24 10 14 5 4 2 3 0 1 6 7
24 9 15 2 1 0 6 4 5 7 3
24 10 14 1 5 0 4 2 6 7 3
24 10 14 1 5 7 4 2 0 6 3
24 9 15 0 2 6 7 3 5 1 4
24 9 15 0 2 3 7 4 5 1 6
24 10 14 2 7 1 4 0 5 3 6
24 10 14 6 1 3 7 2 0 5 4
24 10 14 0 2 6 3 5 1 4 7
24 9 15 7 2 1 4 5 0 6 3
24 10 14 1 3 6 0 2 5 7 4
24 8 16 4 0 3 7 5 2 1 6
24 10 14 2 6 1 4 0 5 3 7
24 10 14 1 0 3 6 2 5 7 4
24 9 15 7 2 3 0 4 1 5 6
24 10 14 2 7 6 4 5 1 3 0
24 10 14 1 0 3 4 7 2 5 6
24 10 14 1 0 5 3 4 2 6 7
24 10 14 1 3 7 6 0 2 5 4
24 10 14 2 6 1 5 0 3 4 7
24 10 14 5 3 6 0 2 1 4 7
24 10 14 1 5 7 0 4 2 3 6
24 10 14 1 0 5 7 4 2 3 6
24 10 14 2 6 1 7 3 4 0 5
24 9 15 7 0 2 4 5 1 6 3
24 10 14 5 0 1 7 6 2 4 3
24 10 14 1 0 3 7 4 5 2 6
24 9 15 7 2 6 4 5 1 0 3
24 9 15 7 2 4 0 5 1 6 3
24 9 15 4 1 7 2 5 6 0 3
24 10 14 5 1 3 7 4 0 2 6
24 10 14 5 1 0 7 4 2 3 6
24 10 14 3 2 1 4 7 5 6 0
24 10 14 5 0 1 3 2 6 4 7
24 10 14 0 3 7 6 2 1 4 5
24 10 14 0 2 4 7 5 1 3 6
24 10 14 1 3 0 2 5 6 7 4
24 10 14 1 0 4 7 2 5 6 3
24 10 14 2 5 1 4 7 3 0 6
24 9 15 4 2 7 6 5 1 3 0
24 10 14 0 2 7 4 5 1 3 6
24 10 14 2 3 7 6 1 0 4 5
24 10 14 5 7 2 4 0 1 3 6
24 9 15 4 2 6 3 5 1 7 0
24 10 14 5 2 3 4 1 6 0 7
24 10 14 5 3 7 4 2 1 6 0
24 8 16 1 6 3 7 5 4 0 2
24 9 15 7 1 2 4 5 0 3 6
24 9 15 2 0 3 4 7 1 6 5
24 10 14 1 7 0 4 2 5 6 3
24 10 14 4 5 3 7 2 1 6 0
24 9 15 5 1 2 7 4 0 3 6
24 8 16 7 2 3 4 1 0 6 5
24 9 15 0 5 2 7 4 1 3 6
24 9 15 3 1 7 4 2 0 6 5
24 10 14 6 2 3 7 5 1 4 0
24 10 14 5 6 0 7 1 3 2 4
24 10 14 5 0 1 7 2 4 3 6
24 9 15 6 2 3 7 1 0 4 5
24 9 15 2 3 0 4 1 6 7 5
24 10 14 1 5 3 2 7 6 4 0
24 9 15 5 3 6 7 2 0 1 4
24 10 14 2 0 1 3 5 7 6 4
24 9 15 7 0 3 2 5 1 6 4
24 10 14 2 5 1 0 4 3 6 7
24 10 14 2 7 1 3 5 6 0 4
24 9 15 7 1 3 2 5 6 0 4
24 10 14 5 2 3 4 1 0 6 7
24 10 14 1 0 2 3 7 5 6 4
24 9 15 5 3 0 7 6 1 4 2
24 10 14 3 6 2 0 5 1 4 7
24 10 14 5 2 4 0 7 1 3 6
24 10 14 5 0 2 4 7 1 3 6
24 10 14 0 1 5 3 2 6 4 7
24 10 14 2 1 0 3 7 5 4 6
24 9 15 3 5 6 7 0 2 1 4
24 10 14 1 4 3 7 0 2 5 6
24 10 14 0 2 6 7 5 1 4 3
24 10 14 1 6 5 3 2 0 4 7
24 9 15 1 5 3 7 6 0 4 2
24 10 14 1 6 5 7 2 3 4 0
24 10 14 5 2 7 4 1 0 6 3
24 9 15 5 2 6 3 4 0 1 7
24 10 14 5 1 7 4 2 6 3 0
24 10 14 2 1 6 4 7 5 3 0
24 9 15 0 5 3 7 1 6 4 2
24 10 14 5 1 2 3 0 7 6 4
24 10 14 2 3 0 5 4 1 6 7
24 9 15 2 3 0 6 4 5 1 7
24 9 15 0 1 4 3 5 6 7 2
24 10 14 3 1 4 0 2 5 6 7
24 9 15 2 3 4 7 5 0 1 6
24 10 14 2 6 7 5 1 0 3 4
24 10 14 2 6 3 0 7 1 5 4
24 9 15 2 3 6 4 7 5 1 0
24 10 14 1 0 6 3 2 7 5 4
24 8 16 2 0 7 6 5 3 1 4
24 10 14 1 5 3 4 2 0 6 7
24 9 15 0 3 7 6 2 5 1 4
24 10 14 5 6 1 7 0 2 3 4
24 10 14 5 3 7 6 1 2 0 4
24 8 16 7 2 3 1 5 6 0 4
24 8 16 7 0 2 1 5 6 3 4
24 10 14 5 7 2 3 1 6 0 4
24 10 14 2 1 6 4 7 5 3 0
24 10 14 2 1 0 3 4 5 7 6
24 10 14 2 5 1 4 7 0 6 3
24 10 14 2 1 7 3 4 0 5 6
24 8 16 7 3 6 0 2 5 1 4
24 9 15 5 2 0 1 7 6 3 4
24 10 14 4 0 3 7 1 2 5 6
24 10 14 2 3 7 0 1 6 5 4
24 10 14 2 1 6 4 7 0 5 3
24 10 14 1 3 4 0 5 6 2 7
24 10 14 3 2 4 0 5 1 6 7
24 10 14 0 1 7 6 2 5 3 4
24 10 14 1 4 0 3 2 5 6 7
24 9 15 0 5 2 3 4 1 6 7
24 10 14 1 3 7 2 5 6 0 4
24 10 14 2 1 7 3 4 5 6 0
24 9 15 2 0 7 4 1 6 3 5
24 10 14 6 1 3 7 5 2 0 4
24 10 14 1 0 4 3 2 6 7 5
24 10 14 3 6 1 7 2 0 5 4
24 10 14 2 0 4 3 6 1 7 5
24 10 14 2 3 7 6 4 1 0 5
24 10 14 3 6 1 7 2 5 4 0
24 10 14 1 7 3 5 2 6 0 4
24 10 14 1 7 0 4 2 3 5 6
24 10 14 1 3 6 2 7 5 4 0
24 10 14 6 1 7 0 5 2 3 4
24 10 14 3 5 0 7 2 1 6 4
24 10 14 0 1 7 4 2 3 5 6
24 10 14 1 3 6 2 7 0 5 4
24 10 14 2 1 4 0 3 5 6 7
24 10 14 5 1 7 4 6 2 3 0
24 10 14 0 3 6 7 5 1 2 4
24 8 16 2 3 4 6 5 0 1 7
24 10 14 0 2 1 5 4 6 3 7
24 10 14 1 3 2 4 7 5 6 0
24 9 15 5 2 0 1 4 6 3 7
24 10 14 1 3 7 0 2 4 5 6
24 10 14 5 1 3 7 6 2 4 0
24 10 14 2 7 3 0 5 1 6 4
24 10 14 1 3 5 7 2 4 0 6
24 8 16 7 2 0 6 5 1 3 4
24 9 15 4 1 3 2 7 5 6 0
24 10 14 0 6 1 4 2 5 7 3
24 10 14 5 6 1 7 0 2 3 4
24 10 14 5 1 7 4 2 6 0 3
24 10 14 1 3 6 4 2 5 0 7
24 9 15 2 3 5 7 4 0 1 6
24 8 16 5 3 7 2 4 1 6 0
24 9 15 2 1 3 6 5 4 0 7
24 10 14 0 2 1 6 4 5 3 7
24 10 14 5 1 3 0 6 4 2 7
24 10 14 2 0 6 5 1 3 4 7
24 10 14 5 6 1 7 2 3 0 4
24 9 15 5 1 0 7 6 4 3 2
24 10 14 1 3 6 4 2 5 0 7
24 9 15 4 0 3 2 5 1 6 7
24 9 15 2 6 4 1 5 3 0 7
24 10 14 1 2 4 3 5 6 0 7
24 10 14 3 0 6 5 2 1 4 7
24 10 14 5 6 3 2 1 0 4 7
24 10 14 1 7 3 2 0 5 6 4
24 10 14 2 3 0 7 1 4 5 6
24 10 14 2 4 3 7 1 0 5 6
24 10 14 0 5 3 2 1 6 4 7
24 9 15 1 6 7 4 5 0 3 2
24 10 14 0 2 3 7 1 4 5 6
24 10 14 2 1 6 7 0 5 3 4
24 8 16 5 1 7 2 4 6 3 0
24 9 15 0 2 7 4 1 3 6 5
24 9 15 5 1 7 4 6 0 3 2
24 10 14 5 1 7 4 2 6 3 0
24 10 14 1 2 0 7 4 5 3 6
24 9 15 2 7 0 4 1 3 6 5
24 9 15 3 7 0 4 5 1 6 2
24 9 15 5 3 7 4 1 0 6 2
24 10 14 6 1 0 3 2 5 4 7
24 10 14 0 2 7 5 3 1 6 4
24 8 16 7 1 0 3 5 6 4 2
24 10 14 1 6 7 5 0 2 3 4
24 10 14 3 2 1 7 5 6 0 4
24 9 15 2 5 0 3 4 6 1 7
24 10 14 1 6 7 5 2 3 0 4
24 10 14 2 0 1 3 6 5 4 7
24 10 14 2 5 1 7 0 6 3 4
24 10 14 3 6 1 0 2 5 4 7
24 9 15 5 1 0 2 6 4 3 7
24 10 14 2 3 4 0 7 1 5 6
24 9 15 7 1 3 5 2 6 0 4
24 9 15 7 1 4 3 2 6 0 5
24 9 15 7 0 1 3 2 6 4 5
24 10 14 5 2 3 6 1 0 4 7
24 9 15 7 1 3 2 5 6 0 4
24 10 14 5 3 0 4 1 2 7 6
24 10 14 5 3 7 4 1 0 2 6
24 10 14 0 1 3 6 2 5 4 7
24 10 14 2 7 5 0 6 1 3 4
24 10 14 2 7 3 5 6 1 0 4
24 10 14 2 3 4 7 1 0 6 5
24 10 14 5 7 2 0 6 1 3 4
24 10 14 1 6 2 7 0 5 3 4
24 10 14 1 6 2 7 5 3 0 4
24 10 14 2 0 1 5 6 4 3 7
24 10 14 1 0 3 4 2 7 5 6
24 10 14 2 4 3 7 5 1 6 0
24 9 15 0 1 7 2 3 5 6 4
24 10 14 2 1 7 0 6 3 5 4
24 9 15 2 7 0 4 6 1 3 5
24 10 14 5 1 2 0 6 3 7 4
24 9 15 2 1 0 4 6 3 7 5
24 9 15 1 6 7 4 2 0 3 5
24 9 15 4 2 1 3 5 0 6 7
24 10 14 3 1 7 5 0 2 6 4
24 10 14 5 2 1 3 4 0 6 7
24 10 14 1 3 4 7 0 2 6 5
24 10 14 3 1 6 7 0 2 4 5
24 10 14 1 2 0 3 7 5 6 4
24 10 14 1 2 3 4 7 5 6 0
24 10 14 4 1 0 7 2 6 3 5
24 10 14 4 1 7 5 2 6 3 0
24 10 14 5 2 7 3 0 1 6 4
24 10 14 2 3 4 6 0 1 7 5
24 10 14 2 3 0 5 1 6 4 7
24 10 14 2 1 0 4 5 7 3 6
24 10 14 2 1 3 7 0 5 4 6
24 10 14 2 1 4 3 7 5 0 6
24 10 14 2 1 3 6 0 5 7 4
24 10 14 2 6 1 3 5 7 0 4
24 10 14 1 3 6 0 5 2 4 7
24 10 14 0 5 3 2 1 6 4 7
24 10 14 2 6 1 3 0 5 7 4
24 10 14 5 1 4 2 0 6 7 3
24 10 14 2 0 7 4 1 3 5 6
24 10 14 2 0 3 5 1 6 7 4
24 10 14 1 0 4 2 5 6 7 3
24 9 15 7 5 3 0 2 1 6 4
24 9 15 5 1 3 0 7 6 4 2
24 10 14 1 0 7 3 2 5 6 4
24 9 15 4 1 3 2 0 5 6 7
24 10 14 0 5 7 2 1 6 3 4
24 10 14 5 6 7 2 1 0 3 4
24 10 14 2 3 0 7 4 1 6 5
24 10 14 5 7 0 2 1 6 3 4
24 10 14 1 3 6 7 2 0 4 5
24 10 14 5 1 7 4 2 6 3 0
24 10 14 2 3 0 5 4 1 7 6
24 9 15 5 2 7 0 6 3 1 4
24 9 15 2 1 7 5 4 6 0 3
24 9 15 2 3 7 4 6 5 1 0
24 10 14 5 6 2 7 1 3 4 0
24 10 14 5 1 0 2 7 6 3 4
24 10 14 5 7 6 2 1 3 0 4
24 10 14 2 6 3 0 4 1 5 7
24 10 14 3 7 2 4 5 1 0 6
24 10 14 5 7 2 0 1 3 6 4
24 10 14 2 6 5 3 4 1 0 7
24 10 14 2 0 3 4 1 5 6 7
24 9 15 5 2 1 7 4 0 6 3
24 10 14 4 5 3 7 2 1 6 0
24 10 14 1 6 2 0 5 3 7 4
24 10 14 2 5 0 3 4 1 6 7
24 10 14 2 3 4 5 0 1 7 6
24 10 14 0 5 7 2 1 6 3 4
24 10 14 1 0 6 2 5 3 7 4
24 9 15 2 5 1 7 4 6 0 3
24 10 14 2 5 4 3 1 6 0 7
24 10 14 2 3 0 7 1 5 4 6
24 10 14 5 0 1 3 2 4 6 7
24 10 14 0 1 7 4 2 5 3 6
24 10 14 1 2 3 4 7 5 6 0
24 8 16 1 3 0 2 4 5 6 7
24 10 14 0 6 3 7 2 1 4 5
24 10 14 5 0 3 2 1 6 7 4
24 10 14 2 6 3 7 1 4 5 0
24 8 16 1 5 3 2 4 0 6 7
24 10 14 2 3 4 7 5 1 0 6
24 10 14 1 2 0 3 7 5 6 4
24 9 15 2 3 4 7 6 0 1 5
24 9 15 7 3 6 0 2 1 4 5
24 10 14 0 3 6 2 1 5 4 7
24 10 14 3 6 4 7 2 1 0 5
24 10 14 5 3 6 7 2 1 4 0
24 10 14 2 6 1 4 5 3 0 7
24 10 14 2 1 3 0 6 4 7 5
24 10 14 1 6 3 5 0 2 4 7
24 10 14 1 6 3 5 2 4 0 7
24 10 14 2 3 5 0 6 1 4 7
24 10 14 4 5 1 7 0 2 3 6
24 10 14 2 3 4 5 6 1 0 7
24 10 14 4 5 1 7 2 3 0 6
24 10 14 3 2 1 7 5 6 4 0
24 10 14 3 7 0 2 1 5 6 4
24 10 14 2 6 1 4 0 5 3 7
24 9 15 4 3 6 7 2 5 1 0
24 10 14 1 3 6 2 5 0 4 7
24 10 14 3 5 7 2 1 0 6 4
24 10 14 2 1 5 3 6 4 0 7
24 9 15 2 1 0 6 4 5 7 3
24 10 14 2 3 6 7 4 1 5 0
24 9 15 2 3 6 4 5 0 1 7
24 10 14 2 3 7 5 6 1 0 4
24 10 14 6 5 3 2 0 1 4 7
24 10 14 2 3 4 0 1 5 7 6
24 10 14 2 3 4 6 1 5 0 7
24 10 14 5 3 2 0 6 1 4 7
24 10 14 5 3 4 2 6 1 0 7
24 10 14 2 0 3 4 1 5 7 6
24 10 14 3 0 1 2 5 6 7 4
24 10 14 2 3 0 7 4 1 6 5
24 10 14 0 1 6 3 2 5 7 4
24 10 14 2 1 6 3 5 0 7 4
24 10 14 2 0 3 7 1 4 6 5
24 10 14 0 1 4 2 5 6 3 7
24 10 14 4 5 1 3 0 2 6 7
24 10 14 1 0 6 7 2 4 3 5
24 10 14 3 2 1 7 4 5 6 0
24 10 14 1 6 3 0 2 4 5 7
24 9 15 2 0 1 3 7 6 4 5
24 9 15 2 1 4 3 7 6 0 5
24 10 14 1 2 7 5 0 3 6 4
24 10 14 2 5 0 7 1 6 4 3
24 10 14 2 7 1 4 5 0 3 6
24 9 15 1 3 6 7 4 5 0 2
24 10 14 1 6 7 0 2 4 3 5
24 9 15 7 2 6 3 1 5 0 4
24 9 15 1 5 3 7 4 6 0 2
24 9 15 1 3 7 0 4 5 6 2
24 10 14 5 2 3 4 1 0 7 6
24 10 14 2 7 1 4 5 3 6 0
24 10 14 4 1 3 7 6 2 5 0
24 10 14 4 1 6 3 0 2 5 7
24 9 15 7 2 3 4 1 5 0 6
24 10 14 1 3 6 7 4 5 2 0
24 9 15 1 6 0 2 5 4 3 7
24 10 14 2 3 7 0 1 6 4 5
24 10 14 0 6 2 7 5 1 3 4
24 10 14 2 3 4 6 0 1 7 5
24 10 14 6 0 3 2 1 5 4 7
24 10 14 1 5 2 7 6 0 3 4
24 10 14 2 3 0 6 4 1 5 7
24 10 14 2 1 0 3 4 5 7 6
24 10 14 1 6 3 2 7 5 4 0
24 10 14 2 3 0 4 1 5 6 7
24 10 14 0 1 3 6 2 4 5 7
24 10 14 1 3 7 5 2 6 0 4
24 10 14 1 0 3 7 4 2 5 6
24 9 15 2 3 6 0 7 1 4 5
24 10 14 4 3 7 0 2 1 5 6
24 9 15 1 6 3 2 5 4 7 0
24 9 15 2 7 4 0 5 3 1 6
24 10 14 4 3 5 7 2 1 0 6
24 10 14 4 0 6 3 2 1 5 7
24 10 14 1 3 7 5 2 0 6 4
24 10 14 2 4 3 7 0 1 5 6
24 10 14 0 2 3 6 4 1 5 7
24 10 14 4 3 7 5 2 1 6 0
24 10 14 5 3 4 2 0 1 7 6
24 8 16 2 1 3 5 7 6 4 0
24 10 14 3 0 4 2 5 1 7 6
24 10 14 1 3 0 4 2 5 6 7
24 10 14 2 3 4 0 6 1 5 7
24 10 14 1 5 3 4 2 0 6 7
24 9 15 1 5 3 7 0 4 6 2
24 9 15 2 3 7 1 0 5 6 4
24 9 15 0 1 3 2 7 6 4 5
24 8 16 2 1 3 5 7 6 4 0
24 10 14 1 2 6 7 0 3 5 4
24 10 14 3 0 6 7 2 1 5 4
24 10 14 4 5 1 3 2 6 0 7
24 10 14 3 6 7 0 2 1 4 5
24 9 15 6 1 3 7 0 2 4 5
24 8 16 4 1 3 7 5 0 6 2
24 9 15 6 1 3 7 2 4 0 5
24 9 15 6 0 3 7 2 1 4 5
24 10 14 2 1 3 7 4 0 6 5
24 9 15 7 0 2 3 1 5 6 4
24 10 14 2 0 1 3 6 4 5 7
24 10 14 2 3 7 0 1 4 6 5
24 10 14 2 3 6 0 1 4 5 7
24 10 14 2 0 3 6 1 5 4 7
24 9 15 4 0 1 7 2 5 6 3
24 10 14 2 1 0 3 4 5 7 6
24 10 14 2 6 4 7 1 3 0 5
24 9 15 4 1 7 0 2 5 6 3
24 9 15 4 1 6 7 2 5 0 3
24 10 14 2 6 7 0 1 3 4 5
24 10 14 1 6 3 7 5 2 4 0
24 10 14 2 6 7 0 1 3 5 4
24 10 14 3 1 2 0 5 6 7 4
24 10 14 1 0 4 2 5 3 6 7
24 10 14 2 6 5 7 1 3 0 4
24 10 14 3 1 6 7 2 4 0 5
24 9 15 5 0 7 2 3 1 6 4
24 10 14 1 3 4 2 0 5 6 7
24 10 14 1 2 6 7 0 3 4 5
24 10 14 4 1 6 7 2 5 3 0
24 9 15 5 1 3 7 4 0 6 2
24 9 15 5 2 7 4 0 3 1 6
24 10 14 1 3 2 7 5 6 0 4
24 8 16 7 1 3 0 4 5 6 2
24 9 15 3 0 7 4 2 5 1 6
24 9 15 6 1 3 2 5 4 0 7
24 9 15 7 1 3 0 5 2 6 4
24 10 14 2 5 7 4 1 6 0 3
24 10 14 2 5 3 4 7 1 6 0
24 10 14 2 6 1 0 3 5 4 7
24 10 14 2 6 5 7 1 3 0 4
24 10 14 2 5 0 3 7 1 6 4
24 10 14 2 6 5 7 0 1 3 4
24 8 16 2 6 0 3 5 4 1 7
24 10 14 2 1 0 7 4 6 3 5
24 10 14 2 0 5 3 1 6 4 7
24 10 14 5 6 0 7 1 3 2 4
24 10 14 1 2 5 7 0 6 3 4
24 10 14 2 7 5 0 1 3 6 4
24 10 14 2 7 6 5 1 3 0 4
24 10 14 0 1 3 4 2 5 7 6
24 10 14 2 6 0 7 1 4 3 5
24 10 14 2 4 1 3 0 5 6 7
24 10 14 1 3 4 0 2 6 5 7
24 10 14 1 3 0 4 2 5 6 7
24 10 14 2 3 5 0 1 6 7 4
24 10 14 2 3 7 4 0 1 5 6
24 10 14 0 2 1 7 4 6 3 5
24 10 14 1 5 3 4 2 0 6 7
24 10 14 1 0 4 7 2 3 6 5
24 10 14 0 2 6 7 3 1 4 5
24 10 14 2 1 3 4 5 7 6 0
24 10 14 2 6 3 5 1 0 4 7
24 10 14 2 1 6 7 3 0 4 5
24 10 14 5 3 2 0 1 6 7 4
24 10 14 2 6 0 7 3 1 4 5
24 9 15 3 7 6 2 5 0 1 4
24 10 14 3 7 6 5 2 1 0 4
24 10 14 3 1 7 5 2 6 0 4
24 9 15 2 5 1 7 0 4 6 3
24 10 14 3 7 5 0 2 1 6 4
24 10 14 0 6 7 2 5 1 3 4
24 10 14 0 1 7 2 6 5 3 4
24 10 14 5 2 1 4 0 6 3 7
24 10 14 6 1 7 2 5 3 4 0
24 10 14 6 7 0 2 5 1 3 4
24 10 14 2 5 1 6 4 0 3 7
24 10 14 6 1 0 2 5 3 7 4
24 10 14 2 3 7 6 1 5 4 0
24 10 14 5 0 1 2 6 3 7 4
24 10 14 2 5 0 7 4 1 3 6
24 10 14 5 2 1 0 3 6 4 7
24 10 14 1 3 4 5 2 6 0 7
24 10 14 2 3 0 6 1 5 7 4
24 10 14 2 3 7 6 1 0 5 4
24 10 14 2 1 5 0 6 4 3 7
24 10 14 1 3 5 0 2 6 4 7
24 10 14 4 1 7 3 2 5 6 0
24 10 14 2 4 1 7 6 3 0 5
24 10 14 0 4 1 7 2 5 6 3
24 10 14 2 4 1 7 0 5 3 6
24 10 14 5 7 3 2 6 1 0 4
24 10 14 2 4 1 7 0 6 3 5
24 10 14 2 1 0 3 4 5 7 6
24 10 14 0 7 2 3 1 5 6 4
24 10 14 0 1 3 2 6 5 4 7
24 9 15 5 0 2 7 6 3 1 4
24 10 14 0 1 3 7 6 2 4 5
24 10 14 2 1 7 3 4 0 5 6
24 10 14 6 5 7 2 0 1 3 4
24 10 14 0 3 7 2 5 1 4 6
24 9 15 2 1 6 7 0 4 5 3
24 9 15 5 1 3 2 6 4 7 0
24 10 14 2 3 4 7 1 6 5 0
24 9 15 2 0 6 7 4 1 5 3
24 10 14 0 1 3 2 5 6 7 4
24 10 14 6 3 0 2 5 1 4 7
24 10 14 6 0 7 2 1 5 3 4
24 9 15 4 2 1 7 0 5 6 3
24 10 14 0 6 3 2 5 1 4 7
24 10 14 5 1 7 4 2 6 3 0
24 10 14 1 2 0 3 4 5 6 7
24 10 14 4 2 6 3 0 1 5 7
24 10 14 0 1 4 2 7 5 3 6
24 10 14 1 2 3 7 4 0 5 6
24 10 14 1 2 0 3 4 5 6 7
24 9 15 2 1 4 6 7 5 3 0
24 10 14 2 1 7 5 3 0 6 4
24 10 14 1 2 0 7 4 5 3 6
24 10 14 2 7 0 5 3 1 6 4
24 10 14 6 5 1 3 2 0 4 7
24 10 14 2 1 3 4 6 7 5 0
24 10 14 1 2 3 7 4 0 5 6
24 10 14 1 3 7 4 5 2 0 6
24 10 14 4 5 3 7 1 2 0 6
24 9 15 2 0 6 1 5 3 4 7
24 10 14 4 1 7 5 2 6 3 0
24 10 14 4 5 3 0 1 2 6 7
24 9 15 0 2 7 4 6 1 3 5
24 9 15 4 1 3 2 5 6 0 7
24 10 14 2 0 4 3 1 5 6 7
24 10 14 1 5 3 7 4 6 2 0
24 10 14 1 5 7 2 0 3 6 4
24 9 15 1 7 0 4 2 6 3 5
24 10 14 1 0 6 7 5 3 2 4
24 10 14 2 5 1 4 0 7 3 6
24 10 14 1 3 6 7 0 5 2 4
24 10 14 1 7 4 0 2 6 3 5
24 9 15 5 3 6 7 2 0 1 4
24 10 14 2 1 4 3 7 6 5 0
24 10 14 5 2 1 3 0 6 7 4
24 10 14 6 2 3 0 5 1 4 7
24 10 14 1 2 0 7 5 6 4 3
24 10 14 5 2 3 7 0 1 4 6
24 10 14 1 2 3 7 6 0 4 5
24 10 14 5 2 1 7 0 3 4 6
24 9 15 7 2 1 3 5 6 4 0
24 10 14 1 2 7 4 5 6 0 3
24 9 15 5 1 3 0 7 6 4 2
24 10 14 1 0 6 3 2 4 5 7
24 10 14 5 1 2 7 0 6 3 4
24 9 15 3 2 0 1 5 6 4 7
24 10 14 5 3 6 2 7 1 4 0
24 10 14 5 1 0 3 6 2 4 7
24 9 15 7 5 3 0 2 1 6 4
24 9 15 6 2 0 7 5 3 1 4
24 10 14 0 5 1 3 6 2 4 7
24 10 14 2 7 6 3 5 1 0 4
24 10 14 1 0 2 3 5 6 4 7
24 10 14 1 7 2 3 5 0 6 4
24 9 15 2 0 7 4 3 1 6 5
24 8 16 0 2 3 5 7 1 6 4
24 10 14 5 2 4 3 1 0 6 7
24 10 14 5 2 1 3 6 4 7 0
24 10 14 1 7 5 0 2 6 3 4
24 10 14 5 2 1 3 7 6 0 4
24 10 14 2 1 0 7 4 6 3 5
24 9 15 3 1 7 4 5 0 6 2
24 10 14 5 2 1 0 7 6 4 3
24 9 15 1 5 3 2 0 4 6 7
24 10 14 2 4 6 3 5 1 7 0
24 9 15 1 3 2 0 4 5 6 7
24 10 14 3 0 7 5 1 2 6 4
24 10 14 1 5 4 3 2 0 6 7
24 10 14 5 2 1 4 7 6 0 3
24 10 14 2 5 1 7 4 6 3 0
24 9 15 2 1 7 4 3 5 6 0
24 10 14 6 0 1 3 5 2 4 7
24 10 14 1 3 7 5 0 2 6 4
24 10 14 2 1 7 0 3 5 6 4
24 10 14 2 7 0 5 1 6 3 4
24 10 14 6 2 1 3 0 5 4 7
24 10 14 2 0 1 5 6 3 7 4
24 10 14 2 5 1 7 0 6 3 4
24 10 14 5 3 0 2 1 6 4 7
24 9 15 0 6 1 7 5 3 4 2
24 10 14 2 1 5 0 6 3 7 4
24 10 14 5 3 0 6 1 2 4 7
24 9 15 1 7 0 4 5 6 3 2
24 10 14 5 1 4 2 0 6 7 3
24 10 14 1 3 6 2 0 5 4 7
24 10 14 5 6 1 7 2 3 0 4
24 10 14 1 0 4 2 5 6 7 3
24 10 14 1 3 4 0 2 5 6 7
24 10 14 3 5 6 7 2 1 4 0
24 10 14 5 0 6 2 1 3 4 7
24 10 14 2 6 1 4 5 7 3 0
24 10 14 2 1 7 0 6 3 4 5
24 10 14 1 0 3 2 5 7 6 4
24 8 16 4 1 3 7 5 0 6 2
24 10 14 2 1 3 5 4 0 6 7
24 10 14 3 1 6 2 0 5 4 7
24 10 14 4 2 3 5 1 0 6 7
24 10 14 2 3 6 5 1 4 0 7
24 10 14 1 4 3 7 2 5 0 6
24 9 15 0 3 6 1 2 5 4 7
24 10 14 5 3 6 0 2 1 4 7
24 10 14 5 1 3 7 6 0 2 4
24 10 14 2 6 1 3 0 4 7 5
24 9 15 2 6 1 0 5 4 7 3
24 10 14 0 5 3 2 1 7 6 4
24 8 16 7 2 3 6 5 1 4 0
24 10 14 3 6 4 2 5 1 0 7
24 9 15 3 6 7 0 2 5 1 4
24 9 15 7 2 3 0 5 1 4 6
24 10 14 2 1 7 3 6 0 4 5
24 10 14 1 2 3 7 6 0 4 5
24 10 14 0 1 7 3 2 6 4 5
24 10 14 2 1 0 3 7 5 4 6
24 9 15 0 6 7 2 5 3 1 4
24 9 15 0 5 3 7 6 1 4 2
24 10 14 5 3 7 4 2 1 0 6
24 9 15 5 1 2 3 4 0 6 7
24 10 14 2 7 4 0 6 1 3 5
24 10 14 2 1 4 0 6 3 7 5
24 10 14 2 1 0 6 4 5 3 7
24 10 14 1 5 0 2 7 6 3 4
24 9 15 1 3 4 7 5 0 6 2
24 10 14 1 6 3 7 2 5 4 0
24 10 14 4 2 3 7 6 1 5 0
24 9 15 0 6 3 7 1 5 4 2
24 10 14 5 2 1 4 6 0 7 3
24 10 14 0 5 6 7 1 3 2 4
24 9 15 7 5 3 0 2 1 6 4
24 10 14 0 7 1 3 2 6 4 5
24 9 15 7 2 1 5 0 6 3 4
24 10 14 0 2 7 5 4 1 3 6
24 10 14 0 3 7 4 1 2 5 6
24 9 15 3 7 0 4 2 1 6 5
24 10 14 0 2 1 4 7 5 6 3
24 10 14 3 7 4 0 2 1 6 5
24 10 14 2 6 1 4 5 3 0 7
24 9 15 7 2 1 3 5 6 0 4
24 10 14 2 3 5 0 4 1 6 7
24 10 14 1 5 7 4 2 0 6 3
24 10 14 5 6 1 7 0 2 3 4
24 10 14 4 3 7 5 2 1 6 0
24 10 14 4 3 0 7 2 1 6 5
24 9 15 7 1 3 0 2 4 5 6
24 10 14 1 7 2 4 5 6 0 3
24 10 14 2 7 4 0 1 3 6 5
24 10 14 2 6 1 3 7 5 0 4
24 10 14 1 2 3 7 4 0 5 6
24 10 14 5 2 0 6 4 1 3 7
24 10 14 2 6 1 0 7 5 4 3
24 10 14 6 0 1 2 5 3 4 7
24 9 15 5 1 7 0 4 6 3 2
24 10 14 5 2 3 6 4 1 7 0
24 10 14 4 1 3 6 2 0 5 7
24 10 14 4 1 0 6 2 5 3 7
24 10 14 5 6 1 2 0 3 4 7
24 10 14 4 1 3 6 2 5 7 0
24 10 14 0 4 3 2 5 1 6 7
24 8 16 2 3 6 7 4 5 0 1
24 10 14 0 1 3 6 2 5 4 7
24 9 15 4 3 7 2 5 1 0 6
24 10 14 5 0 2 3 1 7 6 4
24 9 15 2 0 1 6 7 5 3 4
24 10 14 1 5 3 6 2 0 4 7
24 9 15 2 1 3 6 0 7 5 4
24 10 14 1 3 4 6 2 0 5 7
24 10 14 1 3 4 6 2 5 7 0
24 9 15 5 3 7 0 4 1 6 2
24 10 14 6 2 1 0 5 3 4 7
24 10 14 1 3 6 0 7 2 5 4
24 9 15 7 2 6 0 5 1 3 4
24 10 14 1 0 6 7 3 2 5 4
24 9 15 7 2 6 3 0 1 4 5
24 10 14 2 0 1 7 3 6 4 5
24 10 14 2 1 3 6 0 5 4 7
24 10 14 5 1 2 3 7 6 0 4
24 9 15 2 3 4 6 0 5 1 7
24 9 15 5 2 3 4 7 0 1 6
24 10 14 1 0 7 6 2 3 5 4
24 9 15 3 5 7 1 2 0 6 4
24 10 14 2 7 1 3 4 5 6 0
24 10 14 5 2 0 4 7 1 6 3
24 9 15 2 3 7 1 5 0 6 4
24 10 14 4 7 1 3 2 5 6 0
24 10 14 1 3 7 0 2 5 4 6
24 10 14 1 5 3 7 0 4 2 6
24 10 14 5 2 1 7 4 0 3 6
24 9 15 2 6 0 7 3 5 1 4
24 10 14 2 7 4 3 5 1 6 0
24 10 14 2 6 1 7 3 5 0 4
24 10 14 4 5 3 7 2 1 6 0
24 10 14 3 7 2 4 5 1 6 0
24 9 15 2 5 6 7 3 0 1 4
24 9 15 2 1 7 6 4 0 5 3
24 10 14 2 5 6 7 3 1 0 4
24 10 14 2 5 1 7 6 4 3 0
24 9 15 2 1 7 5 0 6 4 3
24 9 15 1 0 3 4 7 5 6 2
24 9 15 2 5 0 7 4 3 1 6
24 9 15 6 0 3 7 5 1 4 2
24 9 15 6 1 3 7 0 5 4 2
24 10 14 0 1 4 2 5 6 3 7
24 10 14 1 5 3 4 2 0 7 6
24 10 14 5 2 3 7 6 1 4 0
24 10 14 1 3 4 6 2 5 7 0
24 9 15 0 6 7 2 5 3 1 4
24 9 15 0 7 2 1 5 6 3 4
24 10 14 2 3 0 7 4 1 6 5
24 9 15 0 5 3 7 4 2 1 6
24 10 14 2 1 4 3 7 5 6 0
24 10 14 1 5 3 4 2 6 0 7
24 10 14 5 2 6 0 7 1 4 3
24 10 14 2 0 3 4 1 5 6 7
24 10 14 2 3 1 6 4 5 0 7
24 9 15 7 1 3 0 5 2 6 4
24 9 15 1 3 7 4 5 0 6 2
24 10 14 5 2 3 4 1 0 6 7
24 9 15 0 3 7 4 1 5 6 2
24 10 14 1 5 4 3 2 6 7 0
24 10 14 2 1 4 7 3 5 6 0
24 9 15 0 2 3 6 5 1 7 4
24 10 14 6 0 1 7 2 5 4 3
24 10 14 5 2 3 6 0 1 7 4
24 8 16 7 0 6 3 5 2 1 4
24 9 15 2 1 3 6 5 0 7 4
24 9 15 0 7 6 3 5 2 1 4
24 9 15 7 1 0 3 5 6 2 4
24 8 16 7 2 6 3 0 5 1 4
24 10 14 2 1 4 7 6 0 3 5
24 9 15 0 2 6 3 7 5 1 4
24 10 14 0 1 4 7 2 6 3 5
24 10 14 2 1 7 0 6 5 3 4
24 10 14 2 5 1 7 6 3 0 4
24 10 14 2 1 3 7 6 5 0 4
24 10 14 2 5 1 7 0 6 3 4
24 10 14 5 2 1 7 3 6 4 0
24 10 14 5 3 7 4 2 1 0 6
24 9 15 5 3 6 7 2 0 1 4
24 10 14 0 7 3 2 5 1 6 4
24 10 14 5 1 3 2 7 6 0 4
24 10 14 2 6 1 4 7 5 0 3
24 10 14 2 3 4 0 1 6 7 5
24 10 14 3 2 6 7 1 0 5 4
24 10 14 5 1 3 2 0 7 6 4
24 10 14 2 1 7 4 5 0 3 6
24 10 14 3 6 0 7 1 2 5 4
24 10 14 0 1 7 4 2 5 3 6
24 9 15 4 2 1 7 5 0 6 3
24 10 14 0 2 1 7 4 6 3 5
24 10 14 1 5 6 3 4 2 0 7
24 10 14 4 2 1 7 6 0 3 5
24 9 15 1 6 3 7 5 4 2 0
24 9 15 4 1 2 3 5 0 6 7
24 8 16 7 2 3 4 0 5 1 6
24 10 14 5 2 3 4 1 0 6 7
24 9 15 0 2 3 4 7 5 1 6
24 10 14 2 6 1 4 5 3 0 7
24 9 15 3 2 6 7 5 0 1 4
24 9 15 3 1 6 7 5 0 4 2
24 10 14 3 2 6 7 5 1 0 4
24 9 15 7 1 4 6 2 5 3 0
24 10 14 6 1 3 7 2 5 4 0
24 10 14 5 3 6 7 2 1 4 0
24 10 14 5 1 4 3 2 6 0 7
24 10 14 1 3 4 7 2 5 0 6
24 9 15 5 3 6 7 1 0 4 2
24 10 14 1 3 7 0 2 5 4 6
24 10 14 1 0 3 7 2 5 4 6
24 10 14 0 1 4 2 5 6 3 7
24 10 14 0 1 7 2 5 3 6 4
24 10 14 5 0 1 3 2 6 4 7
24 10 14 0 7 2 4 5 1 6 3
24 10 14 2 1 3 7 4 0 6 5
24 9 15 7 0 3 2 5 1 6 4
24 10 14 1 7 0 2 5 3 6 4
24 9 15 7 1 3 2 5 6 0 4
24 10 14 0 3 4 2 5 1 6 7
24 9 15 0 4 3 7 5 2 1 6
24 9 15 5 0 6 7 3 2 1 4
24 10 14 2 1 6 7 3 0 5 4
24 10 14 4 3 0 7 1 2 6 5
24 9 15 2 3 6 4 5 0 1 7
24 9 15 7 6 0 3 2 1 5 4
24 10 14 4 2 3 7 1 6 5 0
24 9 15 5 2 3 6 7 1 0 4
24 10 14 0 1 3 2 5 6 7 4
24 9 15 2 1 3 0 7 4 5 6
24 9 15 7 2 3 5 1 6 0 4
24 9 15 4 1 2 7 5 0 3 6
24 9 15 7 2 1 0 5 6 4 3
24 10 14 2 4 6 7 5 1 0 3
24 10 14 1 3 6 0 4 2 5 7
24 10 14 4 2 3 5 1 0 6 7
24 10 14 0 4 2 7 5 1 6 3
24 10 14 1 3 6 7 4 2 0 5
24 10 14 0 7 3 5 1 2 6 4
24 9 15 5 2 6 7 4 3 1 0
24 10 14 2 4 7 0 5 1 6 3
24 10 14 2 5 1 0 7 6 4 3
24 9 15 7 1 4 0 2 5 6 3
24 10 14 5 3 1 7 4 2 0 6
24 9 15 5 2 6 7 4 1 0 3
24 9 15 5 2 7 0 4 1 6 3
24 10 14 5 2 6 7 4 1 3 0
24 10 14 5 2 7 3 4 1 6 0
24 10 14 1 2 3 7 6 0 4 5
24 10 14 5 2 4 7 0 1 6 3
24 8 16 5 2 3 7 0 6 4 1
24 10 14 5 1 0 3 4 2 6 7
24 8 16 0 2 3 5 7 1 6 4
24 10 14 1 5 3 4 7 2 0 6
25 11 14 5 2 6 0 3 1 4 7
25 11 14 2 7 6 3 1 0 5 4
25 10 15 7 2 3 5 4 1 0 6
25 10 15 3 2 0 1 7 5 6 4
25 11 14 1 5 0 4 2 6 3 7
25 11 14 2 6 1 7 3 5 0 4
25 10 15 7 1 2 0 5 6 4 3
25 11 14 2 6 1 0 3 5 4 7
25 11 14 5 3 6 2 0 1 7 4
25 11 14 2 7 1 4 0 5 6 3
25 10 15 7 2 1 3 4 5 6 0
25 10 15 1 0 5 7 2 6 4 3
25 10 15 7 1 6 4 2 5 3 0
25 11 14 3 0 6 2 5 1 7 4
25 11 14 5 2 1 4 6 0 3 7
25 10 15 2 0 6 1 7 5 3 4
25 10 15 7 1 6 4 2 0 5 3
25 11 14 0 1 3 7 4 2 6 5
25 10 15 5 0 3 1 2 6 4 7
25 10 15 2 6 3 1 7 5 0 4
25 11 14 1 2 3 4 5 0 6 7
25 10 15 2 5 3 1 0 6 4 7
25 10 15 0 2 3 6 7 1 5 4
25 11 14 2 1 7 3 6 4 0 5
25 10 15 7 0 1 3 5 2 6 4
25 11 14 5 2 4 7 1 0 6 3
25 11 14 2 1 6 7 0 5 4 3
25 11 14 5 2 4 7 1 6 3 0
25 11 14 1 0 6 7 2 5 4 3
25 11 14 6 0 1 2 7 5 3 4
25 11 14 5 2 7 3 1 6 4 0
25 10 15 5 3 0 7 1 6 4 2
25 11 14 2 1 5 7 6 3 0 4
25 10 15 7 2 3 5 6 1 4 0
25 10 15 7 2 0 3 6 1 4 5
25 10 15 0 1 3 4 5 6 7 2
25 9 16 7 6 0 1 2 5 3 4
25 11 14 2 0 5 7 6 1 3 4
25 11 14 5 6 2 7 1 0 4 3
25 11 14 1 6 5 0 2 3 4 7
25 11 14 4 1 5 7 2 6 3 0
25 11 14 4 5 3 7 1 0 2 6
25 11 14 1 7 4 2 5 6 0 3
25 11 14 1 5 3 4 0 2 6 7
25 11 14 0 5 2 7 1 6 4 3
25 11 14 1 6 7 2 0 5 4 3
25 11 14 1 7 2 0 5 6 4 3
25 11 14 1 5 3 4 2 6 0 7
25 11 14 3 1 7 2 5 6 4 0
25 11 14 1 5 3 2 6 0 4 7
25 11 14 5 0 7 2 6 1 4 3
25 9 16 0 3 6 7 2 5 4 1
25 11 14 0 5 3 2 1 6 4 7
25 10 15 7 5 1 4 2 3 0 6
25 11 14 0 2 3 4 1 5 6 7
25 11 14 4 2 1 0 6 5 3 7
25 10 15 5 7 3 4 0 2 1 6
25 11 14 2 1 4 5 0 6 3 7
25 10 15 1 3 0 4 7 5 6 2
25 10 15 4 1 7 2 5 0 3 6
25 11 14 0 1 3 6 2 5 4 7
25 10 15 4 2 1 7 5 3 0 6
25 11 14 4 2 1 0 3 5 6 7
25 9 16 4 1 7 0 5 6 3 2
25 11 14 2 3 4 5 0 1 6 7
25 10 15 2 5 1 3 4 7 6 0
25 9 16 7 0 3 4 5 1 6 2
25 9 16 7 2 6 4 5 3 1 0
25 10 15 7 3 4 0 2 1 5 6
25 11 14 0 5 3 2 7 1 6 4
25 11 14 5 3 0 2 7 1 6 4
25 9 16 1 0 7 2 4 5 3 6
25 9 16 5 0 2 7 4 1 6 3
25 11 14 2 1 4 7 0 5 3 6
25 10 15 3 6 7 0 5 1 4 2
25 9 16 2 6 0 7 5 4 1 3
25 11 14 1 0 4 7 2 5 3 6
25 11 14 5 1 4 7 2 6 0 3
25 10 15 7 5 1 0 2 6 4 3
25 10 15 4 1 3 7 5 2 6 0
25 11 14 5 2 0 4 1 6 3 7
25 11 14 5 7 1 3 0 2 6 4
25 10 15 4 1 3 2 7 5 0 6
25 11 14 5 0 1 7 2 6 4 3
25 11 14 5 1 7 0 2 6 4 3
25 10 15 1 5 0 7 4 2 6 3
25 11 14 5 0 1 3 2 7 6 4
25 11 14 5 7 1 3 2 6 0 4
25 11 14 0 4 3 7 2 1 6 5
25 11 14 2 3 6 7 4 1 0 5
25 11 14 5 3 7 2 0 1 4 6
25 11 14 1 4 3 7 0 2 6 5
25 11 14 3 0 7 2 5 1 4 6
25 11 14 3 7 1 4 2 5 0 6
25 11 14 4 2 7 0 1 6 3 5
25 10 15 5 2 3 1 0 6 4 7
25 11 14 1 6 5 7 4 2 3 0
25 11 14 5 0 1 3 7 2 6 4
25 10 15 4 2 0 6 5 1 3 7
25 11 14 4 1 3 7 2 0 6 5
25 11 14 4 3 0 7 2 1 6 5
25 10 15 7 1 6 4 2 5 3 0
25 10 15 2 5 3 0 7 6 1 4
25 10 15 4 2 3 6 5 1 7 0
25 11 14 1 5 3 4 0 2 6 7
25 10 15 2 0 6 1 4 5 3 7
25 11 14 2 7 3 6 0 1 5 4
25 11 14 2 7 1 6 0 5 3 4
25 10 15 0 5 3 1 7 2 6 4
25 11 14 6 0 1 7 5 2 4 3
25 10 15 2 6 3 1 4 5 0 7
25 11 14 0 1 6 7 2 5 3 4
25 11 14 6 2 1 7 0 5 4 3
25 11 14 2 6 1 4 0 5 3 7
25 10 15 7 3 0 6 2 1 5 4
25 11 14 5 0 4 3 1 2 6 7
25 11 14 1 5 6 3 7 2 4 0
25 11 14 1 5 6 3 7 0 2 4
25 11 14 5 0 1 3 7 2 6 4
25 10 15 7 5 1 6 2 0 3 4
25 11 14 2 6 1 3 4 5 0 7
25 11 14 5 2 1 3 7 6 0 4
25 11 14 5 1 6 3 7 2 0 4
25 9 16 2 6 0 7 5 3 4 1
25 11 14 5 2 1 3 0 7 6 4
25 11 14 4 2 6 3 1 5 0 7
25 11 14 5 1 3 4 7 2 0 6
25 11 14 4 0 3 7 1 2 5 6
25 10 15 5 2 6 0 7 3 1 4
25 11 14 4 5 0 3 1 2 6 7
25 10 15 5 0 6 7 2 3 1 4
25 10 15 5 0 7 1 2 6 3 4
25 11 14 3 1 6 7 2 0 5 4
25 11 14 2 6 3 5 1 0 4 7
25 11 14 2 3 0 5 1 6 4 7
25 10 15 2 5 7 1 0 6 3 4
25 11 14 1 2 3 5 6 0 4 7
25 10 15 7 1 2 4 5 0 6 3
25 10 15 0 1 4 7 5 6 3 2
25 11 14 1 5 7 3 2 6 4 0
25 11 14 2 6 1 7 0 4 3 5
25 10 15 2 6 1 0 5 4 3 7
25 11 14 0 1 3 7 2 5 4 6
25 11 14 1 5 7 3 2 0 6 4
25 11 14 1 5 0 3 2 6 7 4
25 10 15 7 0 3 2 1 5 6 4
25 11 14 4 1 6 7 2 3 5 0
25 10 15 7 1 0 3 2 5 4 6
25 9 16 7 1 6 3 0 5 4 2
25 11 14 1 5 7 2 6 0 3 4
25 11 14 0 5 7 2 1 6 3 4
25 11 14 1 2 3 4 5 0 6 7
25 11 14 5 2 7 3 1 6 4 0
25 9 16 7 1 3 4 5 6 0 2
25 11 14 1 2 7 5 6 0 3 4
25 10 15 4 2 7 0 5 1 6 3
25 11 14 5 2 7 3 1 0 6 4
25 11 14 5 2 0 3 1 6 7 4
25 10 15 0 1 7 3 5 6 4 2
25 11 14 2 6 7 5 1 0 3 4
25 9 16 0 3 7 4 2 5 6 1
25 11 14 2 7 0 5 1 6 3 4
25 10 15 7 2 3 0 4 1 6 5
25 10 15 7 2 3 0 4 1 6 5
25 11 14 4 2 7 0 1 5 3 6
25 10 15 2 1 3 4 6 0 7 5
25 9 16 7 3 6 0 5 1 4 2
25 10 15 0 1 3 4 2 6 7 5
25 11 14 2 1 6 7 4 3 5 0
25 11 14 5 2 4 0 1 6 7 3
25 10 15 7 5 1 3 4 2 6 0
25 10 15 1 5 3 4 7 0 6 2
25 11 14 5 6 1 7 2 3 4 0
25 10 15 7 6 1 4 2 5 0 3
25 10 15 5 2 7 1 0 6 3 4
25 11 14 4 5 0 7 1 2 3 6
25 10 15 0 1 3 6 7 2 5 4
25 10 15 3 6 4 7 5 1 0 2
25 10 15 0 2 3 4 7 1 6 5
25 11 14 1 0 6 3 2 5 4 7
25 10 15 5 6 3 7 1 0 4 2
25 10 15 7 3 6 0 1 2 5 4
25 10 15 0 5 3 7 1 6 4 2
25 11 14 2 0 7 3 6 1 4 5
25 11 14 1 5 4 7 2 6 3 0
25 11 14 1 0 7 3 2 6 4 5
25 10 15 7 2 1 3 5 6 0 4
25 11 14 1 5 4 7 2 0 6 3
25 11 14 1 5 7 3 2 6 4 0
25 10 15 2 3 0 6 7 1 5 4
25 10 15 4 0 1 7 5 2 3 6
25 10 15 7 5 1 4 0 2 3 6
25 11 14 2 0 4 7 1 5 6 3
25 11 14 2 1 5 7 4 6 3 0
25 11 14 1 5 3 6 4 2 0 7
25 11 14 2 6 1 3 7 5 0 4
25 9 16 7 1 0 6 2 5 4 3
25 11 14 2 3 6 5 0 1 7 4
25 11 14 3 7 6 0 2 1 5 4
25 11 14 5 0 1 7 2 6 4 3
25 10 15 2 6 1 7 0 4 5 3
25 11 14 4 3 6 7 1 2 5 0
25 11 14 5 1 3 4 2 6 0 7
25 11 14 3 1 6 0 7 2 5 4
25 11 14 2 3 4 7 0 1 6 5
25 11 14 3 5 1 0 7 2 6 4
25 10 15 7 5 6 3 1 2 0 4
25 11 14 1 5 4 3 0 2 6 7
25 9 16 7 2 1 4 0 6 3 5
25 10 15 5 0 6 3 7 2 1 4
25 9 16 2 6 0 7 4 5 1 3
25 11 14 0 4 1 7 5 2 3 6
25 11 14 0 5 1 4 7 2 3 6
25 10 15 4 7 2 3 5 1 6 0
25 11 14 2 3 6 0 7 1 5 4
25 10 15 0 2 1 4 7 6 3 5
25 11 14 2 1 6 7 0 5 4 3
25 11 14 3 5 1 0 2 7 6 4
25 11 14 5 0 7 4 1 2 6 3
25 11 14 5 0 2 4 1 6 7 3
25 11 14 0 1 4 2 7 5 6 3
25 10 15 4 6 1 7 2 5 0 3
25 11 14 3 6 4 7 5 1 2 0
25 11 14 5 1 0 3 2 7 6 4
25 10 15 5 3 7 1 2 0 6 4
25 11 14 5 1 3 4 2 0 6 7
25 11 14 0 1 7 6 2 5 3 4
25 10 15 3 7 6 1 2 5 0 4
25 11 14 1 2 5 7 4 0 3 6
25 10 15 2 1 4 6 7 5 0 3
25 10 15 7 3 0 5 1 2 6 4
25 11 14 3 4 2 0 5 1 6 7
25 10 15 7 1 5 0 2 6 3 4
25 10 15 2 3 7 1 4 5 6 0
25 10 15 7 3 6 2 5 1 4 0
25 11 14 2 0 1 7 6 3 4 5
25 10 15 4 2 3 7 6 5 1 0
25 10 15 2 0 1 6 4 5 7 3
25 11 14 1 5 7 4 0 2 6 3
25 10 15 7 1 3 4 5 6 2 0
25 10 15 6 2 3 7 4 1 5 0
25 10 15 0 1 6 3 7 5 4 2
25 11 14 6 1 3 7 0 2 5 4
25 10 15 7 1 3 4 6 2 5 0
25 11 14 6 2 1 0 7 5 3 4
25 11 14 0 7 3 2 1 5 6 4
25 11 14 1 2 3 4 7 0 5 6
25 11 14 5 1 7 4 2 0 6 3
25 11 14 5 2 7 0 3 1 6 4
25 10 15 2 6 7 0 3 5 1 4
25 10 15 7 2 6 4 5 1 3 0
25 9 16 7 0 3 4 1 2 6 5
25 11 14 3 1 7 4 2 5 6 0
25 9 16 7 2 4 6 5 1 3 0
25 10 15 0 7 3 4 1 2 6 5
25 9 16 7 0 2 6 5 1 3 4
25 9 16 1 5 3 2 4 6 0 7
25 11 14 2 0 6 3 1 7 5 4
25 10 15 0 7 2 6 5 1 3 4
25 11 14 5 0 1 7 4 2 3 6
25 10 15 1 3 7 4 2 0 6 5
25 10 15 6 1 3 7 2 4 5 0
25 11 14 0 5 1 3 2 6 4 7
25 11 14 1 2 3 7 4 0 6 5
25 11 14 3 2 1 4 5 6 7 0
25 11 14 1 4 0 7 2 5 6 3
25 11 14 2 5 1 4 7 3 6 0
25 11 14 6 2 1 4 5 0 7 3
25 10 15 7 2 3 0 4 1 6 5
25 10 15 5 1 2 7 0 4 3 6
25 11 14 2 3 7 6 1 4 0 5
25 11 14 5 2 0 4 1 6 3 7
25 9 16 2 6 7 4 5 3 0 1
25 11 14 2 3 5 7 0 1 6 4
25 10 15 7 1 2 4 5 3 0 6
25 11 14 1 7 4 0 2 5 6 3
25 11 14 5 3 7 6 2 1 0 4
25 11 14 6 2 3 7 5 1 0 4
25 11 14 5 6 7 0 1 3 2 4
25 11 14 5 4 1 7 2 0 3 6
25 11 14 5 0 3 4 1 2 6 7
25 10 15 5 2 6 3 0 4 1 7
25 11 14 3 1 2 0 7 5 6 4
25 10 15 6 2 3 7 1 4 0 5
25 11 14 1 2 3 7 4 0 6 5
25 11 14 0 2 1 3 5 7 6 4
25 10 15 7 3 0 2 5 1 6 4
25 10 15 7 1 0 2 5 6 3 4
25 10 15 4 0 3 7 1 5 6 2
25 11 14 0 1 3 2 7 5 4 6
25 11 14 3 6 7 2 5 1 4 0
25 10 15 5 2 3 7 6 4 1 0
25 9 16 0 2 3 7 5 4 1 6
25 11 14 5 3 6 0 2 1 4 7
25 11 14 1 2 0 3 7 5 6 4
25 9 16 7 2 0 6 5 1 4 3
25 10 15 0 7 3 4 5 1 6 2
25 11 14 5 1 7 3 2 6 0 4
25 11 14 5 1 2 4 7 0 3 6
25 11 14 2 1 4 3 7 5 0 6
25 11 14 0 1 6 2 7 5 3 4
25 11 14 5 3 0 7 1 2 4 6
25 10 15 1 5 3 7 6 4 0 2
25 11 14 3 1 6 0 2 7 5 4
25 11 14 1 6 5 3 0 2 4 7
25 11 14 1 5 3 7 6 4 2 0
25 11 14 5 6 2 3 0 1 4 7
25 10 15 0 3 6 2 7 5 1 4
25 9 16 2 3 0 6 7 5 1 4
25 11 14 3 1 0 4 2 5 6 7
25 11 14 5 3 7 6 1 0 2 4
25 10 15 2 3 1 6 7 5 0 4
25 11 14 2 0 6 4 7 1 5 3
25 10 15 2 3 7 6 4 5 1 0
25 10 15 2 6 5 3 7 1 0 4
25 10 15 2 0 4 7 5 3 1 6
25 11 14 5 3 0 4 1 2 6 7
25 11 14 2 5 1 7 6 0 3 4
25 10 15 5 2 7 6 4 1 0 3
25 11 14 2 0 6 5 3 1 4 7
25 11 14 1 5 3 4 0 2 6 7
25 9 16 7 6 2 1 5 0 3 4
25 11 14 5 7 2 3 1 6 4 0
25 11 14 2 0 1 3 4 5 7 6
25 11 14 3 2 1 4 5 6 0 7
25 11 14 0 7 1 3 5 2 6 4
25 11 14 1 3 4 7 0 6 2 5
25 10 15 6 2 1 3 5 4 0 7
25 10 15 2 1 7 6 5 0 3 4
25 10 15 2 4 6 3 5 0 1 7
25 9 16 2 6 7 4 5 3 0 1
25 11 14 2 1 7 3 0 4 5 6
25 10 15 5 0 2 1 7 6 3 4
25 11 14 2 0 6 3 1 4 5 7
25 11 14 1 3 0 7 4 5 2 6
25 11 14 5 1 4 3 2 0 6 7
25 11 14 1 3 0 4 5 6 2 7
25 10 15 2 1 6 3 7 4 5 0
25 11 14 2 1 6 0 3 4 5 7
25 11 14 2 7 3 4 5 1 6 0
25 11 14 3 2 0 4 5 1 6 7
25 11 14 1 5 3 4 7 0 2 6
25 10 15 2 1 4 3 6 7 0 5
25 11 14 1 5 0 4 7 2 3 6
25 11 14 5 1 0 7 2 6 4 3
25 11 14 2 1 4 3 6 7 5 0
25 9 16 2 0 3 5 7 1 6 4
25 11 14 5 1 6 3 4 2 0 7
25 11 14 5 2 4 3 7 1 6 0
25 11 14 1 4 0 3 2 6 7 5
25 9 16 0 2 3 7 5 6 4 1
25 9 16 5 2 3 7 6 0 4 1
25 11 14 3 6 1 7 0 2 5 4
25 11 14 1 7 4 0 2 3 5 6
25 11 14 5 2 4 7 1 0 6 3
25 11 14 1 2 7 5 0 6 3 4
25 11 14 1 0 3 7 6 2 4 5
25 11 14 5 2 7 3 4 1 0 6
25 11 14 3 1 4 0 2 6 7 5
25 11 14 6 1 3 7 5 0 2 4
25 11 14 5 2 6 0 4 1 3 7
25 11 14 1 2 7 3 5 6 0 4
25 11 14 1 7 3 5 2 6 4 0
25 11 14 0 1 7 5 6 2 3 4
25 11 14 5 3 1 7 4 2 6 0
25 10 15 7 1 4 3 2 5 6 0
25 11 14 5 2 1 3 4 6 0 7
25 9 16 2 0 4 6 5 3 1 7
25 10 15 5 2 6 0 4 3 1 7
25 11 14 2 4 7 3 5 1 6 0
25 11 14 4 0 3 5 1 2 6 7
25 11 14 1 3 6 7 4 0 2 5
25 11 14 1 7 3 5 0 2 6 4
25 11 14 5 4 2 7 0 1 6 3
25 11 14 1 3 0 7 4 2 6 5
25 8 17 7 2 3 6 5 0 1 4
25 11 14 2 3 7 5 0 1 4 6
25 11 14 2 4 6 7 5 1 3 0
25 9 16 7 2 3 6 0 5 1 4
25 11 14 4 2 3 5 1 6 0 7
25 11 14 1 3 0 6 4 2 5 7
25 11 14 5 2 6 3 0 1 7 4
25 10 15 4 1 2 7 5 3 0 6
25 10 15 7 2 0 5 1 6 3 4
25 10 15 4 1 2 7 0 5 3 6
25 10 15 5 2 6 0 4 1 7 3
25 11 14 5 1 3 2 0 6 7 4
25 10 15 2 1 0 3 7 4 5 6
25 10 15 5 2 0 6 7 1 3 4
25 10 15 5 2 3 6 7 1 4 0
25 11 14 1 0 3 2 5 6 7 4
25 11 14 5 2 6 0 7 1 3 4
25 11 14 5 2 3 0 7 1 4 6
25 11 14 5 1 0 7 6 2 4 3
25 11 14 5 4 2 7 1 0 3 6
25 10 15 7 2 1 6 4 5 3 0
25 11 14 5 1 3 7 0 4 2 6
25 11 14 5 1 7 4 2 0 6 3
25 10 15 0 5 6 7 3 2 1 4
25 10 15 2 0 6 4 5 3 1 7
25 11 14 4 2 3 0 1 6 5 7
25 10 15 7 6 5 3 2 1 0 4
25 10 15 5 6 0 7 3 2 1 4
25 11 14 2 0 6 7 3 1 5 4
25 10 15 2 3 6 4 0 5 1 7
25 11 14 5 6 1 7 3 2 0 4
25 11 14 4 3 7 0 1 2 6 5
25 11 14 2 1 6 7 3 5 0 4
25 11 14 1 3 6 4 2 5 7 0
25 11 14 5 6 1 3 2 0 4 7
25 10 15 5 4 3 7 0 2 1 6
25 11 14 5 3 4 2 0 1 6 7
25 11 14 2 1 3 7 4 6 0 5
25 11 14 2 1 3 7 0 4 6 5
25 11 14 3 0 4 2 5 1 6 7
25 11 14 1 7 6 2 5 3 0 4
25 11 14 5 3 6 0 2 1 4 7
25 10 15 2 1 0 6 5 4 3 7
25 11 14 1 2 4 3 5 0 6 7
25 11 14 5 6 1 3 2 0 4 7
25 11 14 5 7 2 4 0 1 6 3
25 11 14 5 1 7 2 0 3 6 4
25 11 14 4 2 1 6 0 5 3 7
25 11 14 5 1 4 2 0 6 3 7
25 11 14 1 5 3 7 2 0 4 6
25 11 14 1 0 4 2 5 6 3 7
25 11 14 5 6 1 7 2 3 4 0
25 11 14 1 3 6 4 2 5 7 0
25 10 15 2 6 4 1 5 0 3 7
25 10 15 5 0 6 7 1 3 4 2
25 11 14 5 1 4 3 2 6 7 0
25 11 14 1 3 4 7 2 0 5 6
25 10 15 4 1 3 7 5 2 6 0
25 11 14 6 1 3 0 2 5 4 7
25 11 14 3 2 6 7 5 1 4 0
25 10 15 7 5 1 4 2 0 6 3
25 11 14 3 6 0 5 2 1 4 7
25 11 14 2 1 4 3 7 5 0 6
25 11 14 5 0 3 4 1 2 6 7
25 10 15 3 0 6 7 5 2 1 4
25 11 14 3 2 0 7 5 1 6 4
25 10 15 3 1 6 7 0 5 4 2
25 10 15 3 2 6 7 0 5 1 4
25 10 15 2 0 3 4 7 5 1 6
25 11 14 2 6 1 4 5 3 7 0
25 11 14 2 3 7 0 1 4 5 6
25 11 14 1 6 7 0 2 5 3 4
25 11 14 1 6 3 7 0 4 2 5
25 10 15 4 1 2 3 5 6 0 7
25 10 15 4 1 2 3 0 5 6 7
25 11 14 1 5 6 3 4 2 7 0
25 11 14 4 0 1 7 6 2 3 5
25 10 15 1 6 3 0 5 4 2 7
25 11 14 1 5 6 3 4 0 2 7
25 11 14 4 2 1 7 6 3 0 5
25 11 14 1 0 7 2 6 5 3 4
25 11 14 3 2 1 7 0 6 4 5
25 11 14 2 1 7 4 5 3 0 6
25 10 15 4 0 1 7 5 2 6 3
25 11 14 2 0 1 7 4 6 3 5
25 11 14 3 6 5 7 1 2 0 4
25 11 14 1 0 7 4 2 5 3 6
25 10 15 5 1 7 4 6 3 0 2
25 11 14 2 0 7 4 5 1 3 6
25 11 14 3 2 6 7 0 1 5 4
25 11 14 0 1 3 2 5 7 6 4
25 10 15 2 7 6 4 1 3 0 5
25 10 15 5 3 6 7 0 2 1 4
25 11 14 3 2 6 7 1 5 0 4
25 11 14 5 7 3 2 0 1 6 4
25 11 14 2 3 4 5 1 6 7 0
25 11 14 2 6 1 4 7 0 5 3
25 11 14 0 2 1 5 6 3 4 7
25 11 14 5 3 0 4 2 1 7 6
25 10 15 5 0 6 7 2 3 1 4
25 10 15 5 0 7 4 1 3 6 2
25 11 14 5 2 1 7 3 6 0 4
25 9 16 7 3 0 4 5 2 1 6
25 10 15 2 6 7 1 5 3 0 4
25 10 15 2 3 5 7 0 4 1 6
25 11 14 1 3 7 4 6 2 5 0
25 11 14 2 1 7 4 6 5 3 0
25 11 14 2 5 1 7 6 3 4 0
25 11 14 2 1 3 7 6 0 5 4
25 11 14 2 1 4 7 6 3 0 5
25 11 14 1 0 4 7 2 6 3 5
25 10 15 2 0 6 3 7 5 1 4
25 11 14 0 2 1 3 6 5 4 7
25 10 15 2 1 4 5 0 6 7 3
25 11 14 2 0 4 7 6 1 3 5
25 10 15 7 1 3 0 5 6 2 4
25 9 16 0 1 7 2 4 5 6 3
25 10 15 7 0 1 3 5 6 2 4
25 9 16 7 6 0 3 5 2 1 4
25 10 15 5 7 6 3 0 2 1 4
25 10 15 5 2 0 1 6 3 4 7
25 10 15 2 5 3 0 4 6 1 7
25 10 15 2 3 5 4 7 1 0 6
25 11 14 6 5 1 7 2 0 4 3
25 11 14 6 1 0 7 2 5 4 3
25 11 14 5 2 3 6 1 0 7 4
25 11 14 4 5 1 7 6 2 3 0
25 10 15 7 1 4 3 2 0 6 5
25 11 14 2 1 4 7 3 5 0 6
25 11 14 6 2 3 0 5 1 7 4
25 10 15 7 2 3 4 0 1 5 6
25 11 14 1 5 4 0 2 6 7 3
25 11 14 3 0 7 2 1 5 6 4
25 10 15 7 1 3 4 5 2 6 0
25 10 15 3 0 7 4 1 5 6 2
25 10 15 1 3 7 4 5 6 0 2
25 11 14 2 1 4 7 0 5 3 6
25 10 15 7 1 0 2 5 6 3 4
25 9 16 7 1 3 0 5 6 4 2
25 11 14 2 5 3 4 1 0 6 7
25 11 14 0 2 3 4 1 5 6 7
25 10 15 7 1 0 3 5 2 6 4
25 11 14 2 3 1 6 4 0 5 7
25 11 14 5 2 3 6 1 4 0 7
25 11 14 1 5 0 4 2 6 3 7
25 11 14 2 0 7 3 1 5 6 4
25 11 14 1 5 3 4 2 6 7 0
25 11 14 1 3 7 4 5 6 2 0
25 10 15 4 0 3 2 1 5 6 7
25 10 15 5 7 2 1 0 6 3 4
25 11 14 2 3 6 7 4 1 0 5
25 11 14 0 4 3 2 5 1 6 7
25 11 14 5 0 7 4 1 3 2 6
25 10 15 6 0 7 2 5 3 1 4
25 11 14 5 2 3 7 6 1 0 4
25 10 15 5 6 7 2 0 3 1 4
25 10 15 4 2 1 3 7 5 6 0
25 11 14 2 0 4 7 1 3 6 5
25 11 14 1 3 0 4 2 7 5 6
25 11 14 1 5 3 4 0 2 7 6
25 11 14 5 2 3 0 6 1 4 7
25 11 14 5 1 4 2 0 6 3 7
25 11 14 1 5 3 4 2 7 0 6
25 11 14 6 1 3 7 2 5 4 0
25 11 14 1 0 4 2 5 6 3 7
25 11 14 2 1 7 4 0 3 5 6
25 11 14 0 2 1 5 6 4 3 7
25 10 15 2 5 7 0 4 3 1 6
25 10 15 0 1 3 7 6 5 4 2
25 10 15 0 6 3 7 5 1 4 2
25 10 15 1 5 3 4 7 0 6 2
25 10 15 2 0 5 7 4 3 1 6
25 11 14 5 1 3 4 2 0 6 7
25 11 14 2 1 7 5 3 6 4 0
25 10 15 2 1 7 5 6 0 4 3
25 10 15 0 1 7 5 2 6 4 3
25 11 14 2 1 3 5 0 6 7 4
25 10 15 5 3 6 2 1 4 0 7
25 10 15 7 1 3 5 2 6 4 0
25 10 15 1 6 7 4 0 2 3 5
25 11 14 5 2 1 3 0 4 6 7
25 10 15 2 5 6 7 0 3 1 4
25 11 14 2 5 6 7 3 1 4 0
25 11 14 2 5 1 0 6 4 3 7
25 10 15 2 0 7 6 4 1 5 3
25 11 14 2 5 0 7 3 1 6 4
25 11 14 5 6 3 2 1 0 7 4
25 11 14 4 5 3 7 2 1 0 6
25 11 14 2 3 6 7 4 1 0 5
25 10 15 4 0 1 3 5 2 6 7
25 11 14 2 6 1 7 3 0 5 4
25 11 14 4 5 3 0 2 1 6 7
25 11 14 5 2 1 7 0 4 3 6
25 11 14 2 7 4 3 5 1 0 6
25 11 14 5 0 1 7 4 2 3 6
25 11 14 5 2 1 7 4 3 0 6
25 11 14 3 2 7 0 5 1 6 4
25 11 14 1 2 6 3 7 5 0 4
25 11 14 2 1 4 0 5 7 3 6
25 11 14 0 5 3 7 1 4 2 6
25 11 14 4 7 1 3 2 5 0 6
25 10 15 2 1 3 4 7 6 0 5
25 11 14 5 0 2 4 7 1 6 3
25 10 15 2 3 7 1 5 6 0 4
25 11 14 1 3 6 7 0 2 4 5
25 11 14 5 2 4 0 7 1 6 3
25 11 14 5 2 6 4 7 1 0 3
25 11 14 4 1 3 7 2 6 0 5
25 11 14 0 1 7 6 2 3 5 4
25 11 14 2 7 1 3 4 5 0 6
25 10 15 3 5 7 1 2 6 0 4
25 10 15 5 2 3 4 0 7 1 6
25 10 15 5 0 3 4 7 2 1 6
25 11 14 1 7 0 6 2 3 5 4
25 10 15 6 1 3 5 2 0 4 7
25 11 14 2 5 1 0 3 4 6 7
25 10 15 7 2 1 4 0 5 3 6
25 11 14 2 1 0 7 3 6 4 5
25 11 14 0 2 1 7 3 6 4 5
25 10 15 0 3 4 6 2 5 1 7
25 11 14 5 1 0 3 7 6 2 4
25 11 14 5 6 7 2 1 3 0 4
25 11 14 1 2 6 7 3 0 5 4
25 10 15 0 2 6 3 7 1 4 5
25 10 15 7 2 6 3 1 0 4 5
25 10 15 7 2 6 4 5 1 3 0
25 11 14 0 1 6 7 3 2 5 4
25 11 14 1 6 0 7 3 2 5 4
25 11 14 5 1 0 2 7 6 4 3
25 11 14 1 3 6 4 7 2 5 0
25 11 14 0 2 6 7 5 1 3 4
25 11 14 3 1 7 0 2 5 6 4
25 10 15 0 3 7 4 1 5 6 2
25 10 15 2 3 7 5 4 0 1 6
25 11 14 1 0 4 6 2 3 5 7
25 10 15 5 3 0 7 4 1 6 2
25 11 14 1 3 4 6 0 2 5 7
25 11 14 0 2 3 5 1 6 7 4
25 10 15 0 2 1 6 7 5 3 4
25 10 15 0 1 3 6 2 7 5 4
25 11 14 1 5 3 6 2 4 0 7
25 11 14 1 7 0 3 2 5 6 4
25 9 16 2 3 6 7 4 0 5 1
25 11 14 0 5 2 3 1 7 6 4
25 10 15 2 5 1 6 7 0 3 4
25 10 15 4 3 0 2 5 1 7 6
25 11 14 5 4 3 2 0 1 6 7
25 9 16 2 3 0 7 4 5 6 1
25 11 14 1 3 7 5 0 2 6 4
25 11 14 1 3 6 7 0 2 4 5
25 11 14 1 0 3 7 6 2 4 5
25 10 15 5 2 1 7 0 4 6 3
25 11 14 4 1 3 0 2 5 7 6
25 11 14 4 0 3 6 2 1 5 7
25 11 14 4 1 3 6 0 2 5 7
25 11 14 4 1 6 0 2 5 3 7
25 9 16 5 2 0 7 4 6 1 3
25 10 15 2 1 7 5 4 0 6 3
25 11 14 5 2 3 0 4 1 7 6
25 11 14 6 1 0 2 5 3 4 7
25 10 15 5 1 0 7 4 6 3 2
25 11 14 1 2 3 7 0 4 5 6
25 11 14 6 3 1 2 5 0 4 7
25 11 14 5 2 6 0 4 1 3 7
25 11 14 5 1 2 0 7 6 3 4
25 11 14 5 7 6 2 1 3 4 0
25 11 14 1 7 0 4 5 6 2 3
25 11 14 2 6 1 3 7 0 5 4
25 11 14 2 7 4 5 1 3 6 0
25 11 14 4 0 3 7 1 2 5 6
25 11 14 1 7 2 4 5 0 6 3
25 10 15 3 7 6 0 5 1 4 2
25 10 15 7 1 3 6 2 4 5 0
25 10 15 7 1 0 3 2 4 5 6
25 10 15 2 5 3 7 4 0 1 6
25 11 14 1 5 7 4 0 2 6 3
25 11 14 4 3 7 5 2 1 0 6
25 11 14 2 1 4 5 0 6 3 7
25 11 14 2 6 1 4 5 3 7 0
25 11 14 3 7 4 5 2 1 6 0
25 11 14 5 7 2 0 1 6 3 4
25 11 14 2 5 7 3 1 6 0 4
25 10 15 2 5 1 0 4 6 7 3
25 11 14 1 6 2 4 5 3 7 0
25 10 15 3 7 6 4 2 1 0 5
25 11 14 4 2 7 5 0 1 3 6
25 11 14 3 0 7 4 1 2 5 6
25 9 16 5 1 3 2 4 0 6 7
25 10 15 1 6 7 0 5 3 4 2
25 11 14 2 0 7 5 4 1 3 6
25 10 15 7 2 1 5 6 0 3 4
25 11 14 0 5 3 2 7 1 6 4
25 11 14 3 5 1 0 2 4 6 7
25 11 14 2 6 3 7 5 1 4 0
25 11 14 2 7 1 3 0 6 4 5
25 11 14 2 5 6 3 4 1 0 7
25 10 15 4 3 7 0 2 5 1 6
25 10 15 7 5 0 3 2 1 6 4
25 11 14 1 3 6 2 5 0 7 4
25 11 14 5 2 1 4 6 7 0 3
25 11 14 1 5 6 7 0 3 2 4
25 11 14 5 4 1 3 2 0 6 7
25 11 14 4 2 3 0 6 1 5 7
25 11 14 4 2 3 7 6 1 0 5
25 10 15 6 0 3 7 1 5 4 2
25 11 14 1 5 2 0 7 6 3 4
25 11 14 1 6 3 7 2 5 0 4
25 10 15 1 3 4 7 0 5 6 2
25 11 14 1 6 3 0 2 5 4 7
25 11 14 1 2 6 3 7 5 0 4
25 9 16 2 3 6 7 0 5 4 1
25 10 15 2 3 4 7 0 6 1 5
25 11 14 2 3 6 4 1 5 0 7
25 10 15 5 1 3 7 0 4 6 2
25 11 14 1 2 3 7 6 4 0 5
25 11 14 5 3 0 4 2 1 7 6
25 11 14 2 1 4 5 6 3 7 0
25 11 14 5 0 1 3 4 2 6 7
25 10 15 5 1 2 3 4 6 0 7
25 10 15 5 1 2 3 0 4 6 7
25 11 14 2 7 4 5 6 1 3 0
25 11 14 1 0 7 3 2 6 4 5
25 10 15 6 0 7 2 5 3 1 4
25 10 15 6 5 3 7 0 1 4 2
25 11 14 2 0 1 3 7 5 4 6
25 10 15 5 6 7 2 0 3 1 4
25 10 15 2 1 0 7 6 4 5 3
25 10 15 6 0 3 7 1 2 4 5
25 10 15 3 6 7 4 2 5 1 0
25 11 14 2 0 7 3 6 1 4 5
25 11 14 1 0 3 7 6 2 4 5
25 10 15 7 2 0 3 5 1 4 6
25 11 14 4 5 1 7 2 3 6 0
25 10 15 7 2 3 6 0 1 4 5
25 11 14 3 6 4 2 5 1 7 0
25 10 15 0 3 7 2 6 1 4 5
25 11 14 5 0 3 2 1 7 6 4
25 11 14 2 6 1 3 4 0 7 5
25 10 15 0 1 3 7 6 4 5 2
25 10 15 2 1 7 5 6 4 0 3
25 11 14 2 1 7 5 0 4 3 6
25 11 14 5 3 0 6 2 1 4 7
25 11 14 5 1 3 7 0 6 2 4
25 11 14 0 6 1 3 2 4 7 5
25 11 14 2 3 7 6 0 1 4 5
25 11 14 1 4 0 7 2 5 3 6
25 10 15 2 3 6 1 0 5 4 7
25 10 15 3 0 6 1 2 5 4 7
25 11 14 2 5 3 0 6 1 4 7
25 11 14 1 4 3 7 2 5 6 0
25 11 14 2 3 6 5 1 4 7 0
25 11 14 2 1 7 3 6 4 0 5
25 11 14 3 7 2 0 1 5 6 4
25 11 14 4 2 3 5 1 6 0 7
25 11 14 2 1 3 5 0 4 6 7
25 11 14 5 1 7 2 0 3 4 6
25 11 14 1 3 0 2 5 7 6 4
25 11 14 2 1 3 5 4 6 0 7
25 9 16 4 1 3 7 5 6 0 2
25 10 15 5 1 7 0 6 3 4 2
25 11 14 0 1 3 2 5 7 6 4
25 11 14 2 1 0 7 6 3 4 5
25 11 14 3 5 7 2 0 1 6 4
25 10 15 2 0 1 6 4 5 7 3
25 11 14 5 6 0 2 1 3 4 7
25 11 14 2 6 1 0 5 7 3 4
25 11 14 2 0 6 7 3 1 5 4
25 11 14 5 1 3 4 2 0 6 7
25 11 14 0 5 6 2 1 3 4 7
25 11 14 1 3 4 7 2 5 6 0
25 11 14 3 5 6 0 2 1 4 7
25 10 15 2 0 6 4 5 3 1 7
25 11 14 5 1 4 2 6 0 7 3
25 11 14 5 6 1 7 2 3 4 0
25 11 14 1 6 4 2 5 0 7 3
25 11 14 5 0 3 6 1 2 4 7
25 10 15 1 7 4 0 5 6 3 2
25 11 14 5 3 4 6 1 2 0 7
25 10 15 1 7 3 4 5 6 0 2
25 11 14 2 1 3 5 0 4 7 6
25 10 15 3 2 0 1 4 5 6 7
25 11 14 0 2 3 4 1 5 7 6
25 11 14 2 3 1 5 6 0 7 4
25 10 15 6 0 1 7 5 3 4 2
25 11 14 0 2 1 5 6 3 7 4
25 11 14 5 3 4 2 1 6 0 7
25 10 15 5 6 1 7 0 3 4 2
25 11 14 5 3 2 0 1 6 4 7
25 11 14 1 7 3 4 5 6 2 0
25 11 14 2 0 1 4 5 7 3 6
25 11 14 2 0 6 3 5 1 7 4
25 11 14 2 7 3 5 1 6 0 4
25 11 14 0 2 1 3 6 5 4 7
25 11 14 2 1 0 7 3 5 6 4
25 11 14 2 7 5 0 1 6 3 4
25 11 14 5 2 7 0 1 3 6 4
25 11 14 2 3 6 7 4 1 0 5
25 11 14 0 6 1 3 5 2 4 7
25 10 15 2 1 7 4 3 5 0 6
25 11 14 0 5 1 3 4 2 6 7
25 11 14 1 4 6 7 2 0 3 5
25 11 14 2 5 4 7 1 6 0 3
25 11 14 3 2 7 5 1 0 6 4
25 11 14 2 5 1 0 4 6 3 7
25 10 15 7 2 3 6 1 5 0 4
25 10 15 1 3 2 7 4 5 6 0
25 11 14 3 7 0 5 1 2 6 4
25 10 15 2 1 4 3 7 0 6 5
25 11 14 2 4 6 0 5 1 7 3
25 10 15 0 5 3 7 1 6 4 2
25 11 14 5 2 3 4 6 1 7 0
25 10 15 0 5 3 2 1 4 6 7
25 11 14 0 2 3 4 1 5 6 7
25 10 15 7 5 2 0 1 6 3 4
25 9 16 2 3 7 4 0 5 6 1
25 10 15 1 6 2 0 5 4 3 7
25 11 14 2 0 1 7 4 6 3 5
25 11 14 2 1 3 7 4 6 0 5
25 10 15 3 1 7 4 0 5 6 2
25 11 14 5 0 4 3 1 2 6 7
25 11 14 6 5 2 7 1 0 3 4
25 10 15 7 2 6 3 1 5 4 0
25 10 15 0 2 7 4 3 1 6 5
25 9 16 2 0 3 5 7 1 6 4
25 11 14 1 7 2 3 5 6 0 4
25 10 15 2 1 7 4 3 0 6 5
25 10 15 2 7 0 4 3 1 6 5
25 11 14 2 7 6 3 5 1 4 0
25 11 14 0 1 2 3 5 6 4 7
25 11 14 1 0 2 3 5 7 6 4
25 11 14 1 7 2 3 0 5 6 4
25 11 14 1 6 2 3 5 0 4 7
25 11 14 2 1 0 5 4 6 3 7
25 11 14 2 6 3 0 1 5 4 7
25 10 15 7 5 3 4 2 1 6 0
25 11 14 6 5 1 3 0 2 4 7
25 10 15 6 2 7 0 5 3 1 4
25 11 14 5 3 6 2 7 1 0 4
25 11 14 5 1 3 0 6 2 4 7
25 10 15 7 5 0 3 2 1 6 4
25 11 14 1 0 3 2 6 5 4 7
25 10 15 7 2 0 4 1 5 3 6
25 10 15 3 2 4 1 5 6 0 7
25 10 15 2 3 7 0 4 5 1 6
25 11 14 1 4 6 3 2 0 5 7
25 11 14 5 1 2 7 6 0 3 4
25 11 14 1 6 0 3 2 4 5 7
25 10 15 6 2 1 7 0 4 3 5
25 11 14 1 6 3 0 2 5 4 7
25 10 15 7 2 3 0 4 1 6 5
25 11 14 0 4 6 3 2 1 5 7
25 11 14 1 2 3 7 6 4 0 5
25 10 15 7 2 1 3 5 6 0 4
25 11 14 1 2 0 4 5 6 7 3
25 10 15 5 1 0 3 7 6 4 2
25 11 14 5 2 1 7 3 0 4 6
25 10 15 7 2 1 0 5 6 4 3
25 11 14 0 2 1 7 5 3 4 6
25 11 14 1 5 2 7 6 3 0 4
25 11 14 1 0 2 7 5 6 4 3
25 11 14 1 0 3 7 6 2 4 5
25 11 14 5 2 3 7 1 0 4 6
25 11 14 2 3 6 0 4 1 5 7
25 11 14 2 0 1 3 4 5 7 6
25 11 14 1 2 4 7 5 6 0 3
25 11 14 1 2 7 0 5 6 4 3
25 11 14 6 2 0 3 5 1 4 7
25 11 14 2 3 4 0 1 5 6 7
25 11 14 1 2 3 7 4 0 5 6
25 11 14 5 2 1 3 6 0 7 4
25 10 15 5 0 6 7 2 3 1 4
25 10 15 5 3 6 7 0 2 1 4
25 11 14 2 1 4 0 7 6 5 3
25 11 14 1 2 3 4 5 0 7 6
25 11 14 0 3 6 7 1 5 2 4
25 11 14 1 7 4 5 2 6 3 0
25 11 14 6 2 3 4 5 1 7 0
25 11 14 1 6 0 7 5 3 2 4
25 11 14 0 5 1 4 2 7 3 6
25 11 14 2 3 4 7 0 1 5 6
25 10 15 4 0 3 7 1 5 6 2
25 10 15 4 1 0 2 5 6 3 7
25 10 15 1 7 3 4 2 6 0 5
25 11 14 2 5 4 3 1 0 6 7
25 11 14 0 2 4 3 1 5 6 7
25 11 14 1 5 3 0 4 6 2 7
25 11 14 2 4 0 3 1 5 6 7
25 10 15 4 1 6 0 2 5 7 3
25 10 15 6 2 7 4 0 1 3 5
25 11 14 4 2 7 0 6 1 3 5
25 10 15 4 1 3 2 5 6 7 0
25 10 15 7 2 1 3 4 5 6 0
25 11 14 4 5 0 3 1 2 6 7
25 10 15 0 3 7 1 2 6 4 5
25 11 14 1 3 4 0 2 5 6 7
25 11 14 2 1 3 0 6 7 5 4
25 11 14 4 5 3 7 1 0 2 6
25 10 15 2 3 6 1 5 0 4 7
25 11 14 1 2 3 7 0 4 5 6
25 11 14 4 5 0 7 1 2 3 6
25 11 14 1 3 0 4 5 2 7 6
25 9 16 2 1 3 5 7 6 0 4
25 11 14 3 4 0 2 5 1 7 6
25 11 14 2 3 7 5 0 1 4 6
25 11 14 2 1 4 6 0 5 3 7
25 11 14 2 1 7 5 0 3 6 4
25 11 14 2 7 5 0 3 1 6 4
25 11 14 1 2 7 0 4 5 3 6
25 11 14 2 1 7 5 3 6 0 4
25 11 14 2 3 0 4 6 1 5 7
25 11 14 1 2 3 7 0 4 5 6
25 10 15 2 1 4 6 7 5 0 3
25 11 14 1 2 6 3 4 5 0 7
25 11 14 1 5 3 4 0 2 6 7
25 11 14 3 6 0 7 2 1 5 4
25 10 15 6 1 0 7 2 4 3 5
25 10 15 4 2 3 0 5 1 7 6
25 11 14 6 7 0 2 1 5 3 4
25 11 14 1 2 6 3 4 5 0 7
25 11 14 1 0 4 2 7 5 3 6
25 11 14 4 2 6 3 1 0 5 7
25 11 14 4 2 1 7 3 5 6 0
25 11 14 5 6 3 2 0 1 4 7
25 10 15 4 2 1 7 5 0 6 3
25 10 15 0 1 6 3 4 5 7 2
25 9 16 4 0 3 7 5 1 6 2
25 11 14 6 3 2 0 5 1 4 7
25 11 14 6 5 7 2 1 0 3 4
25 11 14 5 1 3 2 0 6 7 4
25 11 14 2 3 4 0 1 6 5 7
25 10 15 2 6 0 7 4 1 5 3
25 11 14 1 0 3 2 5 6 7 4
25 10 15 6 3 0 7 2 1 4 5
25 11 14 2 1 3 7 0 4 6 5
25 11 14 0 2 1 3 6 4 5 7
25 10 15 5 1 3 0 6 4 7 2
25 10 15 0 4 3 7 5 1 6 2
25 11 14 2 1 7 6 0 4 3 5
25 9 16 2 5 3 7 0 6 4 1
25 11 14 2 1 6 7 3 4 5 0
25 11 14 5 3 7 2 0 1 4 6
25 10 15 0 1 6 7 2 4 5 3
25 11 14 2 1 3 6 0 4 5 7
25 11 14 2 1 7 3 0 4 5 6
25 11 14 3 0 7 2 5 1 4 6
25 11 14 6 5 7 2 1 0 3 4
25 10 15 4 1 7 6 2 5 0 3
25 10 15 5 3 2 7 6 0 1 4
25 11 14 2 0 7 3 4 1 5 6
25 11 14 1 0 3 7 6 2 4 5
25 10 15 0 5 2 7 6 3 1 4
25 10 15 1 3 4 0 5 6 7 2
25 11 14 2 1 6 4 0 5 7 3
25 11 14 0 2 3 6 1 5 4 7
25 11 14 2 0 1 3 4 5 7 6
25 11 14 1 0 3 2 6 5 4 7
25 11 14 1 7 2 3 0 5 6 4
25 11 14 2 0 1 3 4 5 7 6
25 11 14 5 7 3 2 6 1 4 0
25 11 14 0 4 1 7 2 6 3 5
25 11 14 5 3 2 7 6 1 0 4
25 11 14 2 4 1 7 5 0 3 6
25 11 14 1 3 5 7 2 6 4 0
25 11 14 2 4 1 7 0 5 6 3
25 11 14 4 1 7 3 2 5 0 6
25 11 14 2 4 1 7 6 3 5 0
25 11 14 2 3 6 0 7 1 5 4
25 10 15 0 1 3 2 6 4 5 7
25 11 14 2 0 3 6 1 5 7 4
25 11 14 2 1 5 7 6 4 3 0
25 11 14 2 3 7 6 0 1 5 4
25 10 15 5 1 7 2 3 0 6 4
25 11 14 1 3 4 5 2 6 7 0
25 11 14 2 3 6 0 1 5 7 4
25 11 14 5 2 1 7 3 6 4 0
25 11 14 2 6 5 7 1 3 4 0
25 11 14 2 3 7 0 1 5 4 6
25 11 14 5 3 1 2 6 0 7 4
25 11 14 2 0 5 7 4 1 3 6
25 11 14 0 5 1 2 6 3 7 4
25 11 14 3 1 0 7 2 4 6 5
25 11 14 2 5 1 6 0 4 3 7
25 11 14 6 0 1 2 5 3 7 4
25 11 14 6 7 3 2 5 1 0 4
25 11 14 2 5 1 6 4 3 0 7
25 10 15 3 7 0 4 2 5 1 6
25 10 15 6 1 0 2 5 4 3 7
25 10 15 3 0 6 2 5 7 1 4
25 11 14 5 6 7 2 0 1 3 4
25 11 14 5 2 1 4 6 0 3 7
25 11 14 1 0 7 2 6 5 3 4
25 11 14 3 7 6 5 2 1 4 0
25 11 14 3 1 0 5 2 6 7 4
25 11 14 3 1 7 5 2 6 4 0
25 11 14 2 5 1 7 3 4 6 0
25 10 15 0 5 1 7 2 4 6 3
25 10 15 7 1 3 4 5 2 6 0
25 11 14 1 4 0 7 2 3 6 5
25 11 14 5 3 2 4 1 6 7 0
25 11 14 2 6 7 0 3 1 4 5
25 10 15 3 7 6 2 0 5 1 4
25 11 14 2 1 3 0 5 7 6 4
25 11 14 2 6 3 5 1 4 0 7
25 11 14 2 1 6 7 0 3 4 5
25 11 14 2 6 3 5 0 1 4 7
25 11 14 4 1 7 3 2 5 0 6
25 11 14 2 5 7 4 1 0 6 3
25 10 15 2 5 1 3 7 4 6 0
25 11 14 3 2 6 7 0 1 4 5
25 11 14 2 1 3 4 6 5 7 0
25 11 14 1 5 3 4 2 6 0 7
25 11 14 0 1 4 7 2 3 6 5
25 11 14 2 0 1 7 4 6 3 5
25 11 14 2 5 6 3 7 1 0 4
25 11 14 3 4 1 0 2 5 6 7
25 11 14 0 3 7 4 2 1 5 6
25 11 14 1 5 3 4 0 2 6 7
25 11 14 0 2 5 3 1 6 4 7
25 11 14 1 3 0 4 2 6 5 7
25 9 16 2 6 3 0 5 4 1 7
25 11 14 2 6 7 0 1 4 3 5
25 11 14 2 0 6 7 1 4 3 5
25 11 14 2 4 1 3 5 0 6 7
25 11 14 2 7 6 5 1 0 3 4
25 11 14 2 7 6 5 1 3 4 0
25 11 14 2 1 3 7 4 6 0 5
25 11 14 2 6 5 3 1 0 4 7
25 11 14 1 2 5 7 6 0 3 4
25 11 14 5 6 7 0 1 3 2 4
25 11 14 2 0 1 7 4 6 3 5
25 9 16 2 0 6 3 5 4 1 7
25 11 14 2 6 5 7 1 3 4 0
25 11 14 0 6 5 7 2 1 3 4
25 11 14 2 5 3 4 7 1 0 6
25 11 14 2 5 0 4 1 6 7 3
25 11 14 1 3 4 0 2 5 6 7
25 10 15 7 2 3 0 1 6 4 5
25 10 15 3 1 7 0 5 6 4 2
25 10 15 7 1 0 3 5 2 6 4
25 10 15 6 1 3 2 5 4 7 0
25 11 14 1 3 0 7 5 6 2 4
25 10 15 3 5 7 4 2 0 1 6
25 11 14 1 3 2 7 5 0 6 4
25 9 16 7 1 0 3 4 5 6 2
25 11 14 2 5 1 3 0 6 7 4
25 10 15 5 0 3 7 4 1 6 2
25 11 14 2 1 6 7 3 4 0 5
25 10 15 5 1 3 7 4 6 0 2
25 11 14 4 1 6 0 2 5 3 7
25 10 15 0 3 2 1 5 6 4 7
25 11 14 1 2 6 7 3 0 4 5
25 11 14 2 6 4 7 3 1 0 5
25 10 15 0 3 7 1 5 2 6 4
25 11 14 0 3 4 2 1 5 6 7
25 10 15 5 7 0 2 3 1 6 4
25 11 14 1 4 0 2 5 3 6 7
25 10 15 0 5 7 2 3 1 6 4
25 11 14 3 1 6 7 2 4 5 0
25 10 15 6 2 3 5 0 1 4 7
25 11 14 3 1 2 4 5 6 7 0
25 11 14 0 1 4 2 5 3 6 7
25 11 14 5 2 3 0 6 1 4 7
25 11 14 2 6 7 4 1 3 5 0
25 11 14 1 6 3 7 5 2 0 4
25 11 14 1 6 3 0 5 2 4 7
25 11 14 2 6 7 5 1 3 4 0
25 11 14 6 7 2 0 5 1 3 4
25 11 14 6 1 2 0 5 3 7 4
25 10 15 4 1 6 7 2 0 5 3
25 11 14 2 6 4 7 1 0 3 5
25 11 14 2 5 3 6 1 0 4 7
25 11 14 2 6 4 7 1 3 5 0
25 10 15 4 5 1 7 2 0 6 3
25 11 14 1 3 4 5 2 0 6 7
25 11 14 1 3 2 4 5 6 0 7
25 11 14 2 3 0 6 1 4 5 7
25 11 14 2 3 7 5 1 4 6 0
25 11 14 2 5 7 0 4 1 3 6
25 11 14 2 1 7 0 3 5 6 4
25 11 14 2 4 1 3 6 0 5 7
25 11 14 2 0 7 6 1 3 5 4
25 11 14 6 1 3 2 7 5 4 0
25 10 15 7 5 2 3 1 0 6 4
25 11 14 2 1 3 7 4 6 0 5
25 9 16 4 1 3 7 5 6 0 2
25 10 15 6 1 3 7 2 4 5 0
25 11 14 3 6 7 5 2 1 4 0
25 11 14 6 1 3 7 5 2 4 0
25 11 14 2 5 7 0 6 1 3 4
25 11 14 4 5 1 3 2 6 7 0
25 11 14 3 1 6 7 2 0 5 4
25 9 16 2 1 3 5 7 6 0 4
25 11 14 1 2 6 7 3 0 5 4
25 10 15 2 1 3 7 5 4 0 6
25 10 15 1 0 3 2 7 6 4 5
25 10 15 2 1 4 5 0 6 7 3
25 10 15 2 3 7 1 5 0 6 4
25 11 14 1 5 3 7 2 4 6 0
25 11 14 2 7 6 5 3 1 0 4
25 11 14 2 6 7 0 1 5 3 4
25 10 15 0 5 3 7 1 4 6 2
25 11 14 1 5 3 4 2 6 0 7
25 11 14 3 1 4 2 5 0 7 6
25 11 14 3 2 1 7 4 5 6 0
25 11 14 5 3 4 2 1 0 7 6
25 11 14 4 3 7 5 2 1 0 6
25 10 15 0 2 6 7 4 1 5 3
25 11 14 1 3 7 5 0 2 6 4
25 11 14 4 2 3 6 0 1 5 7
25 10 15 6 1 7 4 2 0 3 5
25 11 14 4 6 0 3 2 1 5 7
25 11 14 1 0 7 5 2 3 6 4
25 11 14 4 3 5 7 2 1 6 0
25 11 14 2 5 3 4 1 6 0 7
25 11 14 3 2 6 0 4 1 5 7
25 11 14 4 3 7 6 2 1 5 0
25 11 14 6 3 4 2 5 1 0 7
25 10 15 0 1 7 3 5 6 4 2
25 11 14 1 3 7 5 2 0 6 4
25 11 14 1 3 0 7 4 2 5 6
25 11 14 1 3 0 5 2 6 7 4
25 10 15 5 3 7 1 0 2 6 4
25 11 14 1 0 3 6 2 4 5 7
25 11 14 2 3 6 4 1 5 0 7
25 11 14 1 6 3 2 7 5 0 4
25 11 14 2 1 3 5 0 6 7 4
25 11 14 6 3 0 2 1 5 4 7
25 11 14 2 3 5 6 4 1 0 7
25 11 14 1 0 2 7 6 5 3 4
25 11 14 6 5 3 2 1 0 4 7
25 10 15 7 3 6 2 5 1 4 0
25 10 15 5 3 7 0 1 6 4 2
25 11 14 0 3 4 6 2 1 7 5
25 11 14 2 3 4 6 1 0 7 5
25 11 14 6 0 2 7 5 1 3 4
25 11 14 1 2 4 3 5 0 6 7
25 10 15 1 0 6 2 5 4 3 7
25 11 14 1 3 6 0 4 5 2 7
25 10 15 7 2 3 4 1 0 5 6
25 11 14 0 1 6 3 4 2 5 7
25 11 14 0 3 6 7 1 2 4 5
25 11 14 4 1 3 7 6 2 0 5
25 11 14 6 5 1 3 0 2 4 7
25 10 15 2 1 7 6 4 5 0 3
25 11 14 4 1 3 0 6 2 5 7
25 11 14 0 1 6 7 5 3 2 4
25 11 14 1 2 7 4 5 0 6 3
25 11 14 5 2 3 4 1 7 0 6
25 11 14 2 7 1 0 5 3 6 4
25 11 14 5 0 3 4 1 2 7 6
25 11 14 2 5 7 0 1 3 6 4
25 10 15 7 2 6 3 1 0 5 4
25 10 15 1 5 0 7 4 6 3 2
25 10 15 0 2 6 1 5 3 4 7
25 11 14 1 6 7 5 2 4 3 0
25 10 15 1 3 6 7 4 0 5 2
25 11 14 1 3 7 4 5 0 2 6
25 11 14 2 5 7 0 1 6 4 3
25 11 14 1 2 7 5 3 0 6 4
25 10 15 0 2 1 3 7 6 4 5
25 11 14 1 6 0 3 2 4 5 7
25 10 15 2 6 1 3 7 0 4 5
25 11 14 3 1 7 0 2 5 6 4
25 11 14 1 2 3 4 5 6 0 7
25 11 14 3 2 1 7 4 5 0 6
25 11 14 0 1 6 7 2 4 3 5
25 11 14 3 2 1 0 5 6 7 4
25 11 14 5 1 4 2 0 6 3 7
25 11 14 0 2 1 7 6 3 4 5
25 11 14 2 4 3 7 1 0 6 5
25 11 14 1 0 4 2 5 6 3 7
25 11 14 5 2 1 4 0 6 3 7
25 11 14 0 2 3 7 1 4 6 5
25 11 14 2 1 6 3 5 7 0 4
25 10 15 6 1 7 5 2 0 3 4
25 11 14 0 3 1 2 5 6 7 4
25 11 14 1 0 6 3 2 5 7 4
25 10 15 0 3 6 7 1 5 4 2
25 11 14 3 6 1 2 5 0 7 4
25 11 14 2 5 3 4 1 0 7 6
25 11 14 2 3 4 6 1 5 7 0
25 11 14 5 3 4 2 6 1 7 0
25 11 14 5 3 2 7 6 1 4 0
25 11 14 2 3 4 6 1 0 5 7
25 11 14 2 3 4 6 1 5 7 0
25 11 14 3 1 6 0 2 4 5 7
25 11 14 6 5 3 2 1 0 4 7
25 11 14 3 2 1 5 0 6 4 7
25 11 14 2 3 0 5 6 1 7 4
25 10 15 2 3 6 4 0 5 1 7
25 11 14 2 1 5 3 6 0 4 7
25 11 14 2 3 6 0 4 1 5 7
25 11 14 2 3 6 7 4 1 0 5
25 11 14 1 2 3 5 4 0 6 7
25 11 14 2 1 5 3 6 4 7 0
25 11 14 3 5 7 2 1 6 0 4
25 11 14 1 3 6 2 0 5 4 7
25 11 14 1 0 6 2 5 3 4 7
25 10 15 4 3 6 0 2 5 1 7
25 10 15 6 2 7 5 0 1 3 4
25 11 14 0 6 1 4 2 5 3 7
25 11 14 5 2 7 0 6 1 3 4
25 11 14 3 7 6 2 1 5 0 4
25 11 14 1 6 0 5 2 4 3 7
25 11 14 0 5 1 7 4 2 3 6
25 11 14 2 3 4 5 6 1 7 0
25 11 14 2 3 5 7 6 1 4 0
25 11 14 1 6 3 5 2 4 7 0
25 10 15 3 0 2 1 5 6 4 7
25 11 14 5 1 4 3 6 2 0 7
25 10 15 6 0 2 7 5 3 1 4
25 11 14 5 1 2 3 7 6 4 0
25 11 14 1 4 6 2 5 0 3 7
25 11 14 0 6 3 5 1 2 4 7
25 10 15 6 1 7 4 5 0 3 2
25 11 14 2 1 0 3 6 4 7 5
25 11 14 3 6 4 7 2 1 5 0
25 11 14 2 6 1 4 5 3 7 0
25 11 14 1 3 6 2 0 5 4 7
25 11 14 3 0 6 2 1 5 4 7
25 9 16 4 2 6 7 5 3 1 0
25 10 15 7 3 0 6 2 1 4 5
25 10 15 7 3 6 5 2 1 4 0
25 10 15 2 0 4 7 6 3 1 5
25 11 14 1 2 3 5 0 6 4 7
25 11 14 2 6 3 0 1 4 5 7
25 11 14 0 5 3 2 1 6 7 4
25 10 15 0 2 3 1 5 6 4 7
25 11 14 5 2 1 4 0 6 3 7
25 9 16 1 3 6 2 4 5 0 7
25 11 14 1 2 3 4 7 5 0 6
25 11 14 2 3 4 7 0 1 6 5
25 11 14 2 3 4 7 1 5 0 6
25 11 14 1 0 7 4 2 5 3 6
25 11 14 5 1 0 3 2 4 6 7
25 11 14 2 5 4 3 1 0 6 7
25 11 14 2 0 3 7 1 5 4 6
25 11 14 2 3 7 0 1 5 4 6
25 10 15 2 1 7 0 4 5 6 3
25 11 14 2 5 4 3 1 6 7 0
25 11 14 1 7 2 3 5 6 0 4
25 11 14 0 1 6 2 5 3 7 4
25 11 14 0 3 4 5 2 1 7 6
25 10 15 3 1 7 4 5 6 0 2
25 10 15 0 7 2 1 5 6 3 4
25 11 14 2 3 4 5 1 0 7 6
25 11 14 3 1 7 4 5 6 2 0
25 11 14 2 0 5 3 4 1 6 7
25 11 14 4 5 3 7 2 1 0 6
25 10 15 4 1 3 7 5 6 2 0
25 11 14 0 2 3 4 1 5 6 7
25 11 14 4 5 3 0 2 1 6 7
25 11 14 1 5 4 3 0 2 6 7
25 11 14 6 1 0 3 5 2 4 7
25 10 15 5 0 1 7 4 2 6 3
25 11 14 2 5 3 4 1 0 6 7
25 11 14 2 3 0 4 1 5 6 7
25 11 14 2 6 5 3 4 1 7 0
25 11 14 5 2 1 4 7 0 6 3
25 11 14 5 7 2 4 1 3 6 0
25 11 14 3 7 0 4 5 1 2 6
25 11 14 0 3 6 5 1 2 4 7
25 11 14 2 6 3 7 4 1 5 0
25 11 14 2 3 0 5 4 1 6 7
25 11 14 5 7 6 2 1 0 3 4
25 11 14 5 0 1 2 7 6 3 4
25 11 14 5 6 2 0 1 3 4 7
25 10 15 2 3 7 0 6 5 1 4
25 11 14 2 3 7 4 0 1 5 6
25 10 15 6 2 1 7 4 5 3 0
25 10 15 2 1 0 5 4 6 7 3
25 10 15 5 2 7 4 6 3 1 0
25 11 14 2 0 3 5 4 1 7 6
25 11 14 1 3 6 7 2 4 0 5
25 11 14 2 3 5 0 4 1 7 6
25 11 14 2 1 7 5 0 3 4 6
25 11 14 1 0 6 7 2 3 4 5
25 11 14 5 7 3 2 1 6 0 4
25 10 15 2 6 0 4 5 7 1 3
25 11 14 5 6 7 2 0 1 3 4
25 11 14 5 1 3 7 4 6 2 0
25 11 14 1 5 7 3 2 0 6 4
25 11 14 3 5 7 4 2 1 0 6
25 11 14 1 4 0 2 5 6 7 3
25 10 15 7 5 3 4 2 1 6 0
25 10 15 5 1 0 3 7 6 4 2
25 10 15 7 5 0 3 2 1 6 4
25 10 15 4 2 1 0 5 6 7 3
25 11 14 0 2 7 4 1 3 5 6
25 11 14 1 6 4 2 5 0 7 3
25 11 14 2 6 3 5 1 0 7 4
25 10 15 1 7 3 0 5 6 4 2
25 11 14 2 7 0 4 1 3 5 6
25 11 14 5 1 4 2 6 0 7 3
25 11 14 0 6 1 3 2 5 7 4
25 11 14 1 4 0 2 5 6 7 3
25 11 14 2 6 1 3 5 7 4 0
25 9 16 4 0 3 7 5 1 6 2
25 11 14 2 3 0 5 1 4 6 7
25 11 14 2 1 4 3 7 0 5 6
25 11 14 0 1 3 6 2 5 7 4
25 11 14 2 3 4 5 1 6 0 7
25 11 14 0 1 3 7 2 5 4 6
25 11 14 2 0 1 4 5 7 3 6
25 11 14 2 3 7 5 4 1 0 6
25 10 15 1 3 7 4 5 0 6 2
25 11 14 2 3 5 0 1 6 4 7
25 11 14 4 0 3 5 1 2 6 7
25 11 14 2 3 4 6 1 0 7 5
25 11 14 0 3 4 6 2 1 7 5
25 11 14 5 2 7 3 1 0 6 4
25 10 15 4 1 7 0 2 5 6 3
25 11 14 4 0 1 7 2 6 3 5
25 10 15 5 2 0 3 6 4 1 7
25 11 14 1 2 3 4 7 5 0 6
25 10 15 0 1 6 3 7 5 4 2
25 11 14 0 1 6 7 3 2 4 5
25 11 14 5 3 6 7 4 1 2 0
25 11 14 2 1 4 0 3 6 7 5
25 11 14 0 3 4 7 1 2 6 5
25 11 14 5 2 1 3 4 6 0 7
25 11 14 5 0 1 3 4 2 6 7
25 11 14 5 0 3 7 6 1 2 4
25 10 15 0 2 7 1 5 6 3 4
25 11 14 0 1 7 5 3 2 6 4
25 11 14 5 1 2 4 6 3 7 0
25 10 15 4 2 1 3 5 6 0 7
25 10 15 1 6 7 4 2 3 0 5
25 11 14 2 1 7 3 6 4 0 5
25 10 15 1 0 4 7 5 3 6 2
25 10 15 2 0 1 4 6 3 7 5
25 10 15 0 1 7 6 4 5 3 2
25 11 14 2 0 3 4 1 7 5 6
25 10 15 5 7 2 3 4 1 6 0
25 10 15 2 7 3 4 6 1 0 5
25 11 14 2 1 0 7 6 3 5 4
25 10 15 2 6 7 1 5 3 0 4
25 11 14 2 7 3 4 6 1 5 0
25 11 14 2 1 7 0 3 5 6 4
25 10 15 1 0 7 2 3 5 6 4
25 11 14 4 0 3 7 2 1 5 6
25 11 14 2 4 3 7 5 1 0 6
25 11 14 1 6 2 7 5 3 4 0
25 11 14 1 7 3 4 2 0 5 6
25 11 14 2 4 1 5 6 0 3 7
25 11 14 5 7 2 4 6 1 3 0
25 11 14 1 6 0 7 5 3 2 4
25 11 14 0 6 2 7 1 5 3 4
25 11 14 5 2 7 4 0 1 3 6
25 11 14 2 7 3 5 6 1 4 0
25 11 14 2 3 4 7 0 1 6 5
25 11 14 2 3 7 6 0 1 5 4
25 11 14 5 3 4 0 1 2 7 6
25 11 14 5 3 7 4 0 1 2 6
25 11 14 5 0 3 4 1 2 7 6
25 11 14 5 0 3 6 1 2 4 7
25 10 15 7 1 0 5 2 6 3 4
25 10 15 7 6 1 3 2 0 4 5
25 10 15 7 1 4 3 2 6 5 0
25 11 14 5 0 1 4 6 2 7 3
25 10 15 7 1 3 5 2 0 6 4
25 10 15 5 1 2 0 6 4 3 7
25 10 15 5 0 1 2 6 4 3 7
25 11 14 5 2 7 3 4 1 0 6
25 11 14 1 6 7 5 2 3 4 0
25 11 14 5 4 1 2 6 0 3 7
25 11 14 2 1 0 3 6 5 4 7
25 11 14 2 5 1 3 6 0 4 7
25 11 14 1 6 0 5 2 3 7 4
25 10 15 7 5 3 4 2 1 6 0
25 10 15 2 0 5 3 4 6 1 7
25 11 14 5 0 2 3 7 1 6 4
25 11 14 3 2 1 7 5 0 6 4
25 9 16 7 0 1 3 5 6 4 2
25 9 16 7 1 4 3 5 6 0 2
25 11 14 0 6 7 5 1 2 3 4
25 10 15 0 7 1 3 5 6 4 2
25 10 15 7 1 4 3 5 6 2 0
25 11 14 6 1 4 3 2 5 0 7
25 11 14 3 2 7 5 0 1 6 4
25 10 15 3 7 4 0 5 1 6 2
25 11 14 6 1 3 0 2 5 4 7
25 10 15 5 3 7 4 1 6 0 2
25 11 14 3 7 4 2 5 1 6 0
25 11 14 4 2 7 0 1 3 6 5
25 11 14 5 3 7 4 1 6 2 0
25 10 15 3 7 6 4 5 1 0 2
25 10 15 5 0 7 4 6 1 3 2
25 11 14 1 2 7 0 4 5 3 6
25 11 14 3 7 6 4 5 1 2 0
25 11 14 5 2 1 3 7 6 0 4
25 10 15 1 2 7 4 0 3 6 5
25 11 14 5 2 7 6 0 1 3 4
25 9 16 4 1 7 0 5 6 3 2
25 9 16 5 1 7 2 4 6 0 3
25 10 15 5 2 3 6 4 0 1 7
25 11 14 2 1 6 7 5 0 3 4
25 11 14 0 1 6 7 2 5 3 4
25 10 15 1 6 7 4 5 3 0 2
25 11 14 1 2 3 7 0 4 5 6
25 11 14 4 3 6 7 2 1 0 5
25 11 14 1 6 7 4 5 3 2 0
25 11 14 2 4 3 7 0 1 5 6
25 10 15 1 6 7 4 0 5 3 2
25 11 14 2 3 5 7 1 4 0 6
25 11 14 2 4 3 7 1 5 0 6
25 11 14 1 7 3 4 2 6 5 0
25 11 14 0 7 3 2 1 5 6 4
25 10 15 4 3 7 1 2 5 6 0
25 11 14 5 6 3 2 0 1 4 7
25 11 14 3 1 6 5 2 0 4 7
25 11 14 1 2 4 3 5 6 7 0
25 10 15 2 6 4 1 5 3 7 0
25 10 15 2 3 0 7 4 5 1 6
25 10 15 5 0 1 7 6 4 3 2
25 10 15 4 3 0 2 5 1 6 7
25 11 14 2 3 1 7 4 5 0 6
25 11 14 1 3 6 4 2 0 5 7
25 11 14 0 2 6 5 1 3 4 7
25 10 15 5 1 7 0 6 4 3 2
25 11 14 2 6 0 5 1 3 4 7
25 9 16 4 3 7 0 5 1 6 2
25 11 14 5 1 0 3 6 4 2 7
25 10 15 7 5 1 0 6 2 3 4
25 11 14 4 0 1 6 2 5 3 7
25 10 15 2 1 3 6 5 4 7 0
25 9 16 5 3 7 2 4 1 0 6
25 11 14 3 2 7 4 5 1 6 0
25 10 15 2 0 5 7 4 3 1 6
25 11 14 1 3 6 4 2 0 5 7
25 11 14 2 0 4 3 1 6 7 5
25 11 14 5 1 0 4 2 6 7 3
25 11 14 5 2 0 3 1 7 6 4
25 11 14 6 0 1 4 2 5 7 3
25 11 14 2 6 1 0 7 5 4 3
25 10 15 4 1 3 2 7 5 0 6
25 9 16 4 3 7 0 5 1 6 2
25 11 14 1 3 5 7 2 0 4 6
25 10 15 7 2 6 3 0 1 5 4
25 11 14 1 3 5 7 2 4 6 0
