0 0 2 7 5 3 4 6 1 0
5 3 2 7 0 3 4 6 1 5
1 1 2 7 1 3 4 6 0 5
6 1 2 7 1 3 4 0 6 5
4 1 2 7 1 3 0 4 6 5
2 1 0 7 1 3 2 4 6 5
5 3 5 7 1 3 2 4 6 0
6 1 5 7 1 3 2 4 0 6
4 1 5 7 1 3 2 0 4 6
7 1 5 0 1 3 2 7 4 6
1 1 5 1 0 3 2 7 4 6
4 1 5 1 4 3 2 7 0 6
6 1 5 1 4 3 2 7 6 0
4 3 5 1 0 3 2 7 6 4
3 1 5 1 3 0 2 7 6 4
4 1 5 1 3 4 2 7 6 0
6 1 5 1 3 4 2 7 0 6
3 1 5 1 0 4 2 7 3 6
4 1 5 1 4 0 2 7 3 6
2 3 5 1 4 2 0 7 3 6
6 2 5 1 4 2 6 7 3 0
4 3 5 1 0 2 6 7 3 4
2 1 5 1 2 0 6 7 3 4
3 3 5 1 2 3 6 7 0 4
7 1 5 1 2 3 6 0 7 4
1 1 5 0 2 3 6 1 7 4
5 1 0 5 2 3 6 1 7 4
6 1 6 5 2 3 0 1 7 4
5 3 6 0 2 3 5 1 7 4
6 1 0 6 2 3 5 1 7 4
1 3 1 6 2 3 5 0 7 4
6 1 1 0 2 3 5 6 7 4
2 1 1 2 0 3 5 6 7 4
3 1 1 2 3 0 5 6 7 4
4 1 1 2 3 4 5 6 7 0
51 0.02