0 0 6 3 5 0 2 4 7 1
1 1 6 3 5 1 2 4 7 0
6 3 0 3 5 1 2 4 7 6
1 2 1 3 5 0 2 4 7 6
5 1 1 3 0 5 2 4 7 6
7 1 1 3 7 5 2 4 0 6
4 1 1 3 7 5 2 0 4 6
2 1 1 3 7 5 0 2 4 6
6 2 1 3 7 5 6 2 4 0
4 1 1 3 7 5 6 2 0 4
2 1 1 3 7 5 6 0 2 4
3 1 1 0 7 5 6 3 2 4
1 1 0 1 7 5 6 3 2 4
5 2 5 1 7 0 6 3 2 4
4 1 5 1 7 4 6 3 2 0
7 3 5 1 0 4 6 3 2 7
4 1 5 1 4 0 6 3 2 7
2 3 5 1 4 2 6 3 0 7
4 1 5 1 0 2 6 3 4 7
2 1 5 1 2 0 6 3 4 7
4 3 5 1 2 4 6 3 0 7
3 1 5 1 2 4 6 0 3 7
6 1 5 1 2 4 0 6 3 7
5 1 0 1 2 4 5 6 3 7
1 1 1 0 2 4 5 6 3 7
2 1 1 2 0 4 5 6 3 7
3 1 1 2 3 4 5 6 0 7
7 1 1 2 3 4 5 6 7 0
38 0.53